1.74240796774656 0.7792051472182258 0.7773115114803355 2.3358564572575036 
1.4155899386032424 1.4048583783907067 0.7974757022318115 2.085226636557995 
0.9423509547725349 1.2223656565567018 0.7396246971647965 3.520961488651573 
0.9892931243396073 1.240332494352526 0.8211458203705149 2.4342936616679047 
1.629147770106878 0.9398157362065462 1.0062428513831012 1.6605962705217738 
1.0467355604478383 1.31973721853642 0.8004006382196036 2.467050584848936 
0.8118234372295615 1.9964263348434934 1.9052789778621229 1.973745515524147 
1.091072009409399 0.7717299597692401 2.2205707288960994 1.9488679427890347 
1.978841554329855 0.7510238545449526 0.8212892507218923 0.6942714464005603 
1.6516130886731692 0.8182650523207395 1.0149725103117104 0.6978551089325371 
0.6883878473568527 0.6883878473568527 2.5663915810005404 4.410081581740212 
0.8032538766165125 1.8666153254017694 1.4277514651160632 2.6245826421044947 
0.8591878836896801 2.956905951336028 1.3445192585795986 1.163436889563424 
0.7010880354032512 0.7010880354032512 2.7560527800246106 4.106406126272973 
0.7918376621237985 2.5901611366640305 0.8421617646094107 3.205548231891588 
0.7747888356789924 1.640937643995788 1.5742932226545454 2.715355278922293 
0.6914800921820589 0.6914800921820589 4.411232443987545 2.42269161459525 
1.9043436794778024 0.7855208651960016 0.9040858407575201 0.9472583401257496 
1.401690438115545 0.7690611503022816 1.6644362791864722 1.102451507267636 
0.8096631265722402 2.7760534303810855 0.8541442928275648 2.800873000508324 
0.8558559961723844 3.021547217370041 1.0791415757502758 2.234657952608611 
0.8327765920790648 1.8134781096933477 1.408729137178009 3.095607176046913 
1.146370821519907 1.471324545251828 0.9781405449690189 1.6324939641076914 
1.5654700369208252 0.9570906909516427 0.9506007275832404 2.396009455186435 
0.8738535657310016 2.681733587062765 0.9650525090451775 2.8650634396670855 
0.8459739346019175 2.8613583043504107 1.1986898528450034 2.0161408349645296 
1.0817695501262223 1.3953535660369962 0.9329528833373637 1.785472721756024 
1.2285978207559993 1.6902908126520373 0.7633014588946653 0.7097179966818468 
1.5056745037416885 1.154438380986135 1.146373736712106 1.1944384052248298 
0.7942850718873778 2.327080573697456 0.8106078253217751 3.989795973711876 
0.6787779395490356 0.6787779395490356 2.643109951338271 4.2283904844672255 
1.168800582403585 1.7172650177043813 0.7717209230463592 0.697475498574238 
0.8468969766348975 2.2198217833288973 1.1601036500705086 2.8349106287357984 
0.8453465221138 2.4077736705110437 1.7658491499398297 1.199706428097886 
1.3136638861377252 0.8669295191416243 1.6791534697682722 1.4373987363605565 
0.7742412073076675 2.658976959961002 0.7835315143925472 3.558756250408052 
0.8098113101049247 2.5028994438382863 0.8831530159322806 3.310220531394595 
1.03159914125983 0.7754435540090947 0.852139722654125 4.461211926578453 
0.8614539060213541 2.174979863315173 1.0952826168029115 3.472932310421066 
2.4032652036664555 0.6413556227637974 0.6283909912596155 0.6284543265025748 
0.6335476400878189 0.6335476400878189 6.530743835126971 0.6352457503074864 
2.1814688469769847 0.6367967575168425 0.6253143812341815 1.223686082236589 
1.1347553735922504 1.9591877296764921 0.6379734735679792 0.6377051284424446 
0.963352053757527 0.7089248123336871 0.6642350273762936 5.118409145257572 
0.6326510277654721 0.6326510277654721 5.451560050629576 1.8281853690834593 
1.067354923131791 0.7453754114150181 0.7589883104762021 4.271359642134527 
1.1511761231499433 1.7571154828993953 0.9040967689845354 0.9848505146791514 
0.6531349730967838 0.6531349730967838 3.419628039895701 3.787572684699374 
1.1311543748707422 0.6413950391769249 0.6439477582325384 4.613183060890193 
0.6694578455390494 0.6694578455390494 6.117275318821219 0.8935719576475282 
0.6686026744253966 0.6686026744253966 4.015994616822165 2.933937484441378 
1.2850149538967157 0.8797859052307275 0.8664002238951215 2.7989931285811673 
1.1727121322147513 1.9258263823614301 0.7461786344593166 0.7186643241771684 
0.7963235485751126 1.0282011387225363 1.5157753123701228 2.256040447615648 
0.6377122594987451 0.6377122594987451 4.6990681532825525 2.238819661006969 
0.9519171804857565 1.41561532823687 0.8606985266156609 2.100399472014575 
1.8733768299671314 0.8599484280835612 0.770448223527362 1.2402713702034673 
0.6411240145905251 0.6411240145905251 2.7803777353391057 3.9496216187614674 
0.6418559945671666 0.6418559945671666 4.13170856118893 2.658907312372584 
0.6472679885441192 0.6472679885441192 4.994289941580171 2.2329992360246558 
1.100913623892261 1.853098371149686 0.6481597483624665 0.8374676777211022 
1.0028899570132124 0.7495487796351339 1.9510464965058376 2.416689940007376 
0.651452580868433 0.651452580868433 5.721287308466905 1.4369457927541571 
1.073496233175225 0.8271541606097129 0.8566488567134969 4.078434707662849 
1.1901138020052726 0.7355700033850403 2.5335367402498417 0.8181780907863972 
2.1226222939087704 0.6406271319636985 0.6315054855112026 1.64149206478264 
0.6757333166189503 0.6757333166189503 2.9830501746901956 3.889505009637261 
1.5955735845131065 1.0652633157738778 0.7591312291487796 0.9099230160823459 
0.6623958726945488 0.6623958726945488 3.7382035426496873 3.4298760502175885 
0.6569142025751485 0.6569142025751485 5.184248793338583 2.1667642350968714 
0.6462607844804371 0.6462607844804371 5.928777532291247 1.08423761901233 
0.6976304667433384 0.6976304667433384 4.378363046023579 2.465176477121256 
1.3265149793690854 1.2355711012793233 0.9380831621678405 1.1131122368848545 
0.8990303689243767 1.0965586491366335 1.2266648860671887 3.687526966160619 
1.6672519108276818 0.6782351070916721 0.6833375489036334 2.570715885077777 
0.8833363632708754 1.1722973757929127 1.3614979234957854 2.290644500241301 
0.6477792177037818 0.6477792177037818 3.568370162269183 3.6413262283527823 
1.0430584084676846 1.5974571040699392 0.8211709447241635 1.565783400103083 
0.6814729461158798 0.6814729461158798 5.39126239542613 2.0219449393814544 
2.0036292890337735 1.0266645376526466 0.7564602078788253 0.7560572003216414 
1.1586957110701652 1.8613891849351636 0.7992211702477235 0.7364895581941492 
1.0105146808586472 1.565855264224235 0.8535391785134842 1.0247653235261847 
1.3482908822224717 1.2694060604591177 1.2703622953242877 1.031024136608347 
1.0996873231474136 0.7945462447839854 2.1552516401155923 2.38053221198732 
1.7216996639713256 0.9195375832559131 0.8114599165939893 1.3962636252087044 
1.0727877294583927 1.5210578062334312 1.240636676661182 1.1774144195697813 
0.6414609575588752 0.6414609575588752 3.8510193961987103 3.1679116701150005 
1.060892349799172 1.6778002235495926 0.7266539191074441 1.536039121611242 
1.0385523211796852 0.7483324621743437 2.3233574854017984 1.6038527715174813 
1.1198202031926388 1.0409262603520726 0.8766692899041199 3.062644608327594 
0.6537209286162852 0.6537209286162852 3.681311397669894 3.4992038610028473 
1.0254709541508276 1.6348816461560571 0.6585594915388858 2.217237219394276 
0.9347335530778225 0.9282604009814568 1.685055419496185 1.6279721241125846 
1.6293697189458993 0.9470754495549336 1.0287669849043737 0.7589753187856652 
1.202705536396894 1.1108719360486867 0.7925979111104354 3.073905810474977 
1.4525403983089558 0.8855695497133365 1.4934981890268415 1.0009102340846565 
1.5256847353141167 0.8781115671640444 1.51834428846911 1.0127411754337188 
0.9414945106401207 1.376074109987087 0.969344191626692 1.9750326708450912 
0.8666078465923015 1.1319048191649552 1.706642848551847 1.856338553891618 
0.9765317175073418 0.9693916934131683 1.8041526547042541 0.8748530918166304 
1.5535864759410707 0.6613644722008905 0.655699606315173 3.575973589667284 
1.3298088442150409 1.2057279642125356 0.947391915766903 1.2772620681564797 
0.8626605746991388 1.1277916299685726 1.7021702169428017 1.8570839817698028 
1.9383546046033686 0.6773472711010826 0.7840378520005733 1.6065978733419506 
0.9782040163929391 1.4758887904968336 0.8371529486884224 1.916710350623236 
1.5197697138902884 0.9935467988423242 1.152366776757476 0.9995216064440308 
2.065753927423358 0.7416628380197365 0.7716603601173355 0.6945004195732504 
1.0306645978579891 0.7405481771233466 1.4243137929327028 3.2815249742222363 
1.5110165593035245 0.6607410789322472 0.6545054350969656 3.7157130518829047 
1.11814538072843 0.6672164674635779 0.6567038296925383 4.933071440729332 
1.1153415987911812 0.7352867058678766 2.2386095049755794 2.0952450412299854 
1.1360518995030557 0.6441137994776682 0.6409836458474206 4.917363784338904 
0.9976187897321024 1.4797631139169023 0.9022730491302493 1.914626611339978 
1.3312382906471014 0.9566507931942084 1.449269575222503 1.7701115449886333 
1.033562574840195 1.5290561096691317 1.0456036440697498 1.083898989938405 
0.9254173086032754 1.3379771579535658 0.8088009626364021 2.2864115833041723 
1.8222735993254755 0.9257368009462993 0.7682613808547413 0.9333281677854206 
1.059754984738476 1.732698522405071 0.6547533468930818 1.714766992153617 
0.9664606339073992 1.2967327596909475 1.1707634603486126 2.3673173655961914 
0.656690973686204 0.656690973686204 4.2282562473059855 2.553009178104782 
1.4363378215780422 1.3368955918908907 0.9353400916726575 1.0081746529616118 
1.1633449183823092 0.7729240211528687 1.1268832808948623 2.475895402044799 
1.1079644968930753 1.704884679910943 0.8337813281174244 1.2862214091289879 
1.8093935643063355 0.7660024811769188 0.8403899011853678 1.8886903640756496 
1.0816616490687143 0.6441318243142524 0.6623874057410217 4.738599007681719 
1.447421320341176 0.8505242879912875 0.9844667823038975 2.3445857696390275 
1.266512373479761 1.1842786444535935 0.9164213593529048 1.9253624334009438 
2.237301338103162 0.6539559908294778 0.6466944661980044 1.2111392253186886 
1.033167458969269 0.6594009231110924 0.7256829967357383 4.754367767407812 
2.239964258439687 0.6799959989879527 0.6206500876429756 0.6232704098561732 
0.6346182714485367 0.6346182714485367 6.5253955232271785 0.6366532380326518 
2.1292530696969996 0.6634187203117453 0.6511522949282618 0.6206305597727166 
0.6367032890051522 0.6367032890051522 0.6367032890051522 8.636703289005153 
1.6219862120254755 0.6227094917648001 1.1113307785889082 0.9953270818682732 
0.6204543660873354 3.5489085171746693 0.6733695060511568 1.307537373209482 
0.6253035661333086 4.375797559903136 0.6329858963749704 0.6259027061824375 
2.543676034371837 0.6240540843059841 0.6226687509744411 0.6233948836486702 
0.8880678541789013 0.8569369894756339 0.7624862426137716 5.212415149479877 
0.8068193258963084 2.4611110074078133 0.8068225845481499 4.006813985307696 
1.1987516687989217 0.6352508899403726 0.6345861146095555 4.642600167584435 
0.9833322781569376 0.9443258533863184 2.7530378666865403 0.774667921926759 
0.6835787908643405 0.6835787908643405 5.1498973804185315 2.22850547215097 
0.6660292054117691 3.825651188578778 0.7472580593379623 0.7071808914970557 
0.8931861821321072 0.862278900125349 0.7203353086536166 5.198309139064688 
0.6283321616481116 4.077733168976267 0.6701322117608043 0.6314799002927447 
0.6361863772608464 0.6361863772608464 4.722719949947623 2.2365697962755378 
0.6273531343139598 4.317735905092345 0.6374581154936737 0.6300379271507569 
0.7050168576162698 2.2188862028276395 1.9258702517052404 0.7106449120991022 
1.169245993449268 1.2113087852254412 1.4090684052476805 1.5231697572391345 
0.6660089516895334 0.6660089516895334 4.055955664450787 2.8533636325080582 
0.7270994749279771 1.63951569160661 2.5704210133717353 0.940137805955362 
0.6469495130497585 0.6469495130497585 4.452540897199351 2.3160421792068755 
0.6632925635911169 0.6632925635911169 3.800974723304577 3.3228055336733497 
0.7923663769947059 2.9929119170886027 1.168198728249959 1.276813641571533 
0.7781055542337586 2.879901262203108 1.2335574148843031 1.186423229069717 
0.8166593373412177 2.3737145653609337 1.339356325188449 2.38117282590526 
0.6600720635632018 0.6600720635632018 3.375143871989361 3.822093787258695 
0.6378511273369657 0.6378511273369657 3.5238957973789566 3.6707248495106857 
0.6757374230215194 3.100699335033208 1.060520473853782 0.718010386972739 
0.7132817295541034 2.013240842450169 1.7616281408056373 1.5838910588731312 
0.6593735711264395 0.6593735711264395 2.9902496863246033 3.8680803456634956 
0.6402743644256829 0.6402743644256829 5.995345398346416 0.9762008629284424 
0.6284348317165599 3.646967284267831 0.6829776242519259 1.0625345455657582 
1.4923422205379615 1.3493719241832507 0.8226078651260843 0.7646092324927957 
0.6367161542054182 0.6367161542054182 3.1243409099615134 3.8367074367185117 
0.8075401939297981 1.7812275546354295 1.1232851161405975 3.959103470727614 
0.9297314270810959 0.898093742875224 2.328547840866826 2.178574656078425 
0.6239132828541373 3.9822834835485432 0.684596708324223 0.6265980756909344 
0.8511319345945202 2.1963710607947267 2.174657503079298 0.9128927628114443 
1.1026211496072706 0.686020788817744 0.6727940036236975 4.674887582008519 
1.5258509018194217 0.9724665499923356 0.9028266544870199 1.9756499992131618 
0.6441017555631002 0.6441017555631002 5.246570321332488 2.0959933801272177 
1.56808552125179 0.7211965012682131 0.7373132060915413 2.900759143106062 
0.6648780262110419 3.479880203082427 0.6989419815493882 1.8975166575649847 
0.776508696202385 2.6407713325574598 1.3677135108598488 1.3333031637166455 
1.238430673995198 1.143329386014369 0.8758883765176346 2.1506118949859836 
0.6705800911315618 0.6705800911315618 6.29690470832235 0.7466054054654379 
0.8326635067957187 2.534756271587468 1.268601782713091 2.370064735594502 
1.407067093615599 0.8580529823881405 1.5902595799049881 1.4500436529511622 
0.7572086118971237 2.401297764837305 1.5562941521167608 1.2436812714633994 
0.7177776631554564 1.5635828774566525 2.426527398583021 1.5206571951914993 
1.3190924325705882 1.4466071497115787 0.8722696385486708 0.7487473228483879 
2.5235092797145184 0.6246449608230972 0.6220639826822165 0.6227892698093322 
0.6446243080085339 0.6446243080085339 4.241298818017783 2.507866904072933 
0.7490232344970301 3.255683435269846 1.0199263458168022 0.962061565524415 
1.104956098569499 1.045380356746562 0.8620755659678678 3.7620773622436534 
2.4202472633272905 0.6303685077535285 0.6286288621603098 0.757784910830571 
0.7611910333284709 3.219898856090915 0.8849313465307167 2.0290686810871486 
0.7983563385937048 2.6027787848178856 1.2695064622298973 2.05595211386557 
0.7384152497460945 1.9034052746063572 1.6779164229677928 2.26583262027411 
1.9830616083112202 0.6533649256392217 0.6957585563314355 1.3299264234897605 
2.4336533304184544 0.6249616803786109 0.6301700578071521 0.626269251854788 
2.2160975266872986 0.6234002341497356 0.6218328325894728 1.6281564219964397 
0.8370498516688091 2.120042722121989 2.2381616818685663 0.9012221105589435 
2.3359060076542106 0.6361745150734801 0.6321172909757476 0.6270625469337111 
1.8070012509775153 0.8037815843085526 0.7853998780627329 0.7282656440063682 
0.6735976234785329 0.6735976234785329 5.583610841169957 1.7287271148380872 
1.1140163059884578 0.733137106567159 2.632405360177154 0.7762187229108876 
2.3190294609304267 0.6385613525955417 0.6317244164670973 0.6266696724250608 
0.8127614091804544 1.813042788930983 1.0689524635934304 4.001236835363306 
0.7349997705529296 1.9333737102100994 1.701423257656405 2.1634424110246684 
1.4290352004764937 0.7968778790752923 0.8514997005321214 2.9451143465101217 
0.6352414658302791 0.6352414658302791 5.776230107759534 1.2993900101666647 
1.8486803041389286 0.7371499609902339 1.161116964617748 0.7302786876548603 
1.286321594687522 0.8285433247424435 1.7617815882520698 2.2838616638786973 
1.932110976521768 0.736909615360606 0.7044505759278396 1.6669974642568333 
1.2348796833392635 0.7500015225743688 1.097676723676671 3.4774073516299833 
1.9122603705900332 0.7521630231963308 0.744511975267008 2.2734417219070737 
0.7228785565978031 2.1027055863035877 1.835634104360617 1.0945277836915042 
0.739996036174467 2.771329704606844 1.223208195729891 1.2330699704175934 
0.9523437622957175 0.9203254719190166 2.3679881510836474 2.1393278110740535 
1.1536362837328191 0.784989241875351 2.6158597273699535 0.9855765199535803 
0.9612216122455247 0.9265012963377759 2.5364681891565795 1.3007537054882472 
1.477728121062433 0.8072279178111404 0.7477546341052581 3.1055574196008497 
1.3524355344468808 1.4981289539530338 0.849558994850987 0.7634844640712742 
2.2415227784049714 0.6371260209860286 0.6525532328954735 0.6219880345548694 
1.3325104175192077 0.7673004559851662 0.7477025435809086 3.178569702880358 
0.6700539971372191 0.6700539971372191 5.538631110399763 1.7908428528169402 
1.7530637618916023 0.8736645270661707 0.7709460253854011 1.2135767214683997 
0.6504234738151609 0.6504234738151609 4.634560032804866 2.258143190987261 
0.6893576567203077 3.3581849253939056 0.7416321791915309 2.0384791503194757 
0.761276529945962 3.5756027334144225 0.9038189430026524 0.9713026759406651 
