0.7679115259314588 0.9875678415519389 3.591767137063277 
1.8921448199433542 0.679919757626305 1.4264596593559307 
1.5568518384066716 0.7853126246520684 1.7984195235266252 
1.1902069175718166 0.6305786068165614 3.179044832847895 
1.4846242730906445 1.021563624064125 1.558148014746188 
1.046646544923156 0.6745883399128935 3.501485401873856 
2.0671055392460933 0.6368023683654108 1.0051990352078286 
1.2479184827304821 0.9204545585919219 1.9852787254710886 
1.7389839077809357 0.8753843778085763 0.7102544620227902 
1.3493023660885264 1.2538980611123127 0.9429769378319834 
2.319034360907554 0.6100895507444252 0.5817765684201807 
0.9528359081845466 0.6628674526448819 3.930376158747104 
0.5927873671489606 2.6899730483693647 2.576431997372142 
1.4248510402204408 0.6722827672156892 2.3431655613961015 
1.3215392844856826 1.1388390537312887 1.5322671488331325 
1.046504863446567 0.6557428624361612 3.5776893314115226 
0.5823374880088005 4.23027283223592 0.7314865840470011 
1.8447031064244983 0.7035609606141295 1.1570645006208913 
1.528487219359925 0.9663980155082226 1.542500352888322 
0.981405006944962 0.6711026002675328 3.7489321230545984 
1.582231989451997 0.7095087686843361 1.8643702310569454 
1.7055146053480754 0.6807323008241508 1.7255774397142964 
0.8838967940648477 1.3361145746154381 2.271644220116867 
0.9319603704204344 1.457802303337933 1.8138772099649987 
1.1464807047122614 0.6521134606070587 3.069990404785198 
1.0668251371235415 1.1482332337974932 1.98958808473387 
0.8980402365403709 1.3652660500579101 2.1301575222214573 
0.5862771039334388 4.150187446953182 0.8474385057209858 
1.006490170883414 0.6184878441470153 3.9214342476704718 
0.5864042404301207 3.7088174302070973 1.614405535858451 
1.0102668234039216 1.6597906555143966 1.4787272548268349 
1.2482813096604057 0.6197096091118789 3.161046249788041 
2.1181470264679394 0.6746773313049272 0.586761330927878 
1.1095640421402067 1.1992608117024377 1.8176682735961016 
1.3556982260005839 1.2423220723858748 0.9188732218779846 
1.0701522953255402 0.6662203420605579 3.1430442656557016 
2.3178382970497537 0.6103805392349193 0.5817765684201807 
1.624809895854726 0.6848754887900377 1.7953888817651595 
1.5658037879762436 0.6895212193183683 2.0766274772057374 
1.0949468224638954 1.8881095769714218 0.5762454405327774 
2.1563123103310744 0.5931551293376669 0.8931650751972968 
1.117854209640163 0.7968374243040833 3.0504775987622756 
1.648192054139554 0.8600576920336329 1.3340819016228083 
1.133806921037638 1.0184760861906923 1.9815935761521706 
1.4516465517160486 1.123316453495325 1.039495811202221 
1.1479249666196654 1.3655618309087925 1.5082893292472694 
1.1225708734282784 1.3309273980334255 1.68329406932414 
0.7467615081021561 0.9881777257266784 3.4676469620859627 
2.2437100886771306 0.637631715175311 0.5806457606516959 
1.2774282537290902 1.2274020480215233 1.1847238492197345 
1.0099418349449012 1.6672227768182342 1.2959349901275097 
1.0738357167010997 1.8129722939727084 0.6646132202423296 
0.8973259476186966 1.3754975725386314 1.9636598178261848 
1.0357283236484625 1.7085671956326907 1.1606622501898456 
0.929786412983012 1.4322994387712145 1.8552672852535355 
1.3044014268515096 1.0431406983861968 1.7763626642139934 
1.3178181710393608 0.7866798990305565 2.364867810713769 
1.0569814909822348 0.6363510760890625 3.338449065193922 
1.2196631098927924 1.463761376368892 0.8197159065163531 
1.1841916795816254 1.4166451708787218 1.105751860129477 
0.9565568870473291 1.5275272281185694 1.7763747504235252 
1.5255057133655487 0.9979098866404742 1.3167057229139543 
1.0556931791756008 1.7860472776600194 0.6907229717749063 
1.9107499482875956 0.7492090184214694 0.9165472847424734 
1.3684338110119652 1.0826790963496697 1.4766970754003637 
0.7837186415789118 1.0770673263665245 3.0287846426863987 
1.0208756339304408 1.690109897801881 1.1832724008012723 
1.9456068478237452 0.7319043654775648 0.7225357445347955 
1.2336173869543532 1.4831725075444004 0.7212258614298288 
1.108858169396568 0.9563689478654686 2.757731168749867 
0.9845017963767955 1.5740799108710821 1.760298620426458 
1.845456780827054 0.9217517612897668 0.6551306372606772 
0.912662926428132 1.4085899347196358 1.8679019224879567 
0.99653028167273 1.6148940742113087 1.6259548730504148 
1.0404612633229522 1.7290776531313037 1.0053506949872637 
1.0808556744727518 1.8438745247919837 0.5956926819892245 
2.0627449496135033 0.7082490942312034 0.5786732580597496 
1.4903403697940165 0.947031201012321 1.6570491561418974 
1.2063999195662698 1.4469077981420089 0.8957283997779675 
0.8118510279152727 1.1504135082579365 2.989002509720155 
1.001188457329365 1.6385469084450337 1.4795320974116748 
1.6816678967990017 0.9718019082445958 0.7340194155393194 
1.8855161004209722 0.8758634676034072 0.6455960617638761 
1.9859945686427853 0.6770487663330057 0.7762842270551749 
1.0871640853148772 1.8559901029567683 0.5917578019590709 
1.0147873535903114 0.6312153620200955 3.6252074156268366 
0.8425281071772732 0.8499879565195245 3.4808231740142572 
1.5086224877067358 1.1894432899879965 0.6163483237940754 
1.2482628788375782 1.5046569568834003 0.6380278753897473 
2.036391397602727 0.6469518298532416 0.9638039913315863 
1.3485563101311804 1.310993160596079 0.6660106726110526 
0.8648628561792606 1.2968327988492827 2.3953937715223854 
1.823884637995686 0.5993149326319953 1.8783676871605584 
1.6834527143699005 0.6979874207710342 1.7439401883265857 
1.60563814657442 1.0943445734096562 0.7637715201092614 
2.029419642605369 0.7710931486114008 0.6659964408317318 
1.4204037799355895 1.098976594132528 1.2172922227437746 
1.922510584471434 0.8088419394009261 0.6258069412947194 
1.0480036858367157 1.7670442115906952 0.7538999637987575 
1.0962546883503248 1.8869083139085658 0.5792041437457832 
1.1089950836740123 0.830228374522232 2.6999807962919387 
1.0602031012857878 1.2441706353670665 1.7907103909244415 
0.9579030761473457 0.7131034093617071 3.3404736702437416 
1.0563706544271 1.7508741922110524 0.9647656001952947 
1.1701285001844606 1.2814543960946643 1.7409436794066409 
1.9586721847400663 0.618931754728267 1.331561341623432 
0.8157066077765502 0.8491924251524634 3.834608755638203 
1.6489875229897661 0.9130481289956018 1.0407161480443805 
1.3365830215024337 1.116077470269222 1.7485027916030536 
1.07315096454129 0.9256206819383607 2.8432729867116655 
1.6116358621100249 1.0993143753585035 0.6485860716108078 
1.4459240750004358 0.9661075209119124 1.7494641978932597 
0.5611855254488051 3.8251450221722134 1.3694813450101466 
0.5652776009920826 4.544469624449038 0.5653134288228018 
2.4954439155284245 0.5645544497907059 0.5627295772696046 
2.253067956070943 0.5640229079513945 0.9616586850783981 
0.9773134048531216 0.6214148565347603 3.935400913735351 
0.8460433838219039 1.2221607294237766 2.807700663886348 
2.3406858600844362 0.588283800228196 0.5634422735592874 
0.7234214637961471 0.9217685908490897 3.933595435379331 
0.5853067133125096 1.9762092204284727 3.109069929106639 
0.5676235753943415 3.6199338498164924 1.671785583430452 
0.5700065236446658 2.2270596076841063 2.970002401351203 
0.5694742023676159 2.115549328504832 2.977757669273007 
0.5799333729557063 4.315759368673817 0.647287228730765 
0.5691433388103629 3.711972042083817 1.5705030306622172 
0.5682803824326208 3.4663750065622883 1.7575600675613687 
0.5676235753943415 2.578627715237757 2.714509158284626 
0.5673233235154685 4.427083758502659 0.5780373230170444 
0.5678252156427263 2.8800729117584134 2.1066805528197974 
0.5625421674428567 3.2766786539086286 1.7631150091119903 
0.8594643242183618 0.8191600205151194 3.565636761734759 
0.5693482108125291 4.1952499462739015 0.7447905896713964 
1.1052232455773434 0.5934701397139723 3.658657246824861 
0.5647035483582937 2.8015204180830686 2.2528066431756346 
0.5700065236446658 1.8936838083385403 3.2042230793400046 
1.4796372583069277 1.1632831470373257 0.7832116178157288 
2.420508796496276 0.5664653185512462 0.5827104526976548 
0.5616471842000742 3.3871015234937767 1.7605839583710252 
0.8884914578825341 1.327896119415846 2.1571398914019637 
1.9892878759126256 0.5877041865841353 1.4865012942810092 
1.7180120319220484 0.7322601464457107 1.5488803949176089 
0.5842653939699209 2.7402231821539944 2.44445169970478 
1.3989452376710592 1.116985348687376 1.38880307061826 
0.5733579353525191 2.3659153904877996 2.9528698120911887 
0.5717231213367309 2.643743833323097 2.6058817966417394 
1.1481052556408593 1.353748407130288 1.646861682616275 
1.300271139846343 1.1902776211472306 1.4125730760988366 
0.5648652837528805 3.1737863471297962 1.7818740979292476 
1.6082605769821114 0.9735958681756262 0.6790249531203351 
2.094656196972063 0.6188330472611748 1.0270283483196898 
1.2085006943940682 1.4383227224857529 1.0078275100837883 
1.2783325918628599 0.8822275510471564 1.9626310003712644 
1.0876308497035823 1.8025225125941517 0.6640086519425241 
1.1730461383860504 1.388173098879193 1.4298937370344613 
0.5637687540720645 2.9990063198544976 1.9112650088272338 
1.6287310093987912 0.5838439711811498 2.443072180264267 
1.0329311979515439 1.680506069214342 1.1713574007260827 
1.3792083671981774 0.6545565343077844 2.391261751740031 
0.5658439125814928 4.076336604244172 0.9132027788016709 
1.216353677329403 1.5380030043306316 0.8814062810234737 
0.5680931269127646 2.38090197464478 2.9381946142210453 
1.4331292131718796 1.1309482659050643 0.9370653970469642 
2.1888237783844087 0.5790954841311705 0.8367617814242252 
1.0099806778400429 1.6225269078873152 1.5061264850417615 
1.9095279798387963 0.5849399116139535 1.742708817410997 
2.2285654650307674 0.5878375856388309 0.6305529459732543 
1.7492404477362635 0.7753519573884131 0.8738038948231172 
0.5682270337162837 3.0672678940135802 1.8489827212599206 
1.3607486401102902 0.6598791734909653 2.884888918538586 
0.5675200945421249 3.9065528340694353 1.2355104054175765 
2.4306427383571383 0.5681239308514212 0.5803117131820871 
2.494950148687644 0.5645845455696656 0.5627295772696046 
0.5648652837528805 3.1182102996318153 1.8066318034153181 
0.574409596516538 2.499748752615985 2.8474766889578556 
1.1903411394714425 0.5722884409689089 3.203935696621667 
1.1277167854067611 0.9427763536900069 2.4785810768135135 
1.9420883514650882 0.6811498850719768 1.3779674965124196 
0.8102586061058338 0.8627766668362108 3.852143844427639 
1.4516676920620368 1.098356507874506 1.1222271442340186 
0.8926852571897539 0.7744354255918272 3.6828216630812434 
1.1090548066337376 1.0079920343658406 2.301948595464958 
1.403542736917744 1.0369760648332946 1.6962365740623462 
1.0556941589246789 0.6784572130070324 3.5011507829832396 
1.648271609183381 0.8084208984245499 1.5347362412727792 
1.858897689397018 0.6738825355277643 1.5204225802374878 
0.9954502069262914 1.585166213381095 1.7435852339235458 
1.0661147026069164 1.7634859854860991 0.8753432144040351 
1.3333849850613124 0.5728989005595593 2.972141389171423 
0.5728982550013508 4.014101421455697 1.0448506311923085 
0.7347872953634493 0.9881642508583014 3.5301761379290233 
1.5716685081695005 0.9123181864214189 1.0725066149328408 
0.5767278498983643 3.0238054099727254 1.910083909383634 
2.008642228601239 0.6513622082022791 0.9566886002048616 
0.7799175204629527 1.1005846705399178 3.0117526206438963 
0.5769538806866626 2.4651421251420493 2.8908558182348325 
1.6141249140209983 0.8797788129906648 1.2915154126197317 
1.0118812799073191 1.7288652087565217 1.190860130348191 
1.6849397115423106 0.9503456234116543 0.6122668187617137 
1.0382996828126396 0.5990144220054923 3.8650815756558763 
0.579656312402463 2.63225514527252 2.651366300903341 
2.3247863989937434 0.5765229766604385 0.7198170887668252 
0.986540439410142 1.6616125464612646 1.5423228378168834 
0.5768592965209847 3.547232725369053 1.7393947710517235 
1.8559591181277106 0.6812780266608692 1.2349954471070426 
0.8403575368625541 1.2596905946923904 2.8012882368615717 
1.278760288195886 1.1944581031136403 1.4040390250642096 
0.5802610117979676 2.6987626159674254 2.519814497815299 
2.2609931069586793 0.5748639719636582 0.8624935934007503 
1.07773794948407 0.9241827795677804 2.8267770448032454 
0.5749469405529359 2.9229871529148292 2.050339328205631 
1.6485409529922812 0.8053401962281914 1.715573797715988 
2.411374688679586 0.5753352294280498 0.5819440063036638 
0.8880401852090378 1.4034820019645347 1.9443351552182453 
0.5913141541063887 4.061547223676576 1.009663856444606 
2.1235017481506024 0.627550860579497 0.6801771814078225 
1.8030564797340731 0.6072533717681518 1.7747098376416464 
2.20719461659471 0.6163164958056655 0.5816830550149095 
2.3137249936234365 0.5766694783727195 0.7420663755266574 
0.8299923405981451 1.2279049875063413 2.9241861216608585 
1.908705675199474 0.6513032520446965 1.4419047827340488 
1.394998869627969 0.8024743440796775 1.8149639537907516 
0.5813125349359097 2.7571801886580625 2.398832736199764 
0.5786548590069143 4.156737004765592 0.8187654491976813 
0.9363712468944647 0.7462083968720468 3.6410504574349565 
1.9515445532782065 0.6751320865634813 1.0201584996944704 
0.576756515725435 2.961366907889742 1.9935841270006027 
0.5728982550013508 3.9681441358357024 1.1323776571810644 
1.830781384065821 0.7022250535778168 1.3500963746435084 
2.04487530846472 0.7748767219727513 0.6435172140421401 
2.089675201484113 0.6341834357813972 0.7281349853835706 
0.5767262312036864 3.85760393173082 1.354311616688832 
0.9758737899861796 1.6360250013389002 1.6346661685370334 
1.0701069205555458 1.894344333067112 0.5912391199351867 
0.9230807962231491 1.4979481631939784 1.7851072650633117 
0.9516427667705927 1.5725634051216868 1.7684242608658511 
0.5757370298686088 2.364285857692343 2.9568536227073214 
1.038147518720563 1.7987941908040468 0.8287272110915886 
2.1699684708986307 0.5878761587508506 1.2860777862740043 
0.8249781543932203 1.305443481895486 2.903604476065503 
0.9797650448631683 1.8084278063897417 1.3711637266087204 
0.9563273074450831 1.7281664885888333 1.7033388004825512 
1.027147276211557 1.9376079740637442 0.8096584798938378 
0.8925542563040376 1.519156556612652 1.902667465635178 
2.32488767357047 0.6012609342038631 0.5710949462466339 
0.7148755921391643 0.9112389287315549 3.9689076421024216 
0.8527386843467046 1.2436329156676411 2.710808316742302 
0.5809728538823948 2.7095410978547623 2.499384588662921 
0.9969993113652211 1.6081437709796074 1.5520530746615546 
0.7365426063702372 0.9538444020447144 3.713745088457196 
0.8908827383496547 1.327411620450342 2.233438332929741 
1.7601329571173503 0.852576393938006 0.7827207987047187 
0.5735187813633393 4.204780591981123 0.7423555574936037 
0.5794748797358098 1.9863900050498837 3.0826726841513494 
0.5880629962856608 1.9345014152385587 3.1805744557363225 
0.7630215099306056 1.015368081562281 3.259382148621766 
1.6217372631934857 0.8163905109489831 1.4446451835949872 
1.3854141794756702 1.2716817517295316 0.6670139651861065 
1.2876552452177696 1.2090998560096589 1.4038111061190044 
2.2295183028238594 0.5761642193564123 1.0398123384612767 
0.5829353393190501 2.499572641862292 2.8663543248153474 
0.9503176307426585 1.4928254730384247 1.7809151237959535 
0.8178568678663405 0.785638494809416 3.894667529110786 
1.8330416830806135 0.7173591674945767 1.2383754139238903 
1.3370873678829363 1.1659251434776312 1.4899359229880234 
2.3809353186791853 0.5760537853778989 0.6313175791354745 
0.7914112973519889 1.0924822988831484 2.9921729678084743 
1.3217731460090532 0.6910436181495887 2.4554344358070934 
2.068707933697202 0.6052712247366948 1.3507954727628915 
0.5746504515442628 3.23088078650865 1.7804179652712857 
1.1213905722626696 1.0618857141154279 1.9051251752790042 
0.9712041641078273 1.5362795665304074 1.7682056598013127 
1.8906086991507622 0.611882016427917 1.7494122651513269 
1.1102489210254542 1.8799954572037088 0.5867337152598242 
0.5736449705032979 2.9441811030287206 2.0122095642073137 
2.2863898031545973 0.607509048677943 0.6123690158913921 
1.0302814209797508 0.68477971244444 3.6012320170643615 
0.8984971231606114 1.3562296146592032 2.0261355428592536 
0.5734933283140982 3.812869236345716 1.4250922766779635 
2.1607546686402643 0.6574217624844236 0.5720201997215721 
1.1767661819904653 0.662806052338238 3.014496090853413 
2.113571203847511 0.6019345545560582 0.8956369564544189 
2.188001457242838 0.6053993971481044 0.8458007259761894 
1.2986338014342114 1.3045691587765493 1.1532775512653641 
1.1783567146918803 0.8458898317721075 2.336061439547245 
1.8549159900358583 0.7083958094526839 0.9690341595887091 
1.3037988993062215 0.8843844105358101 1.9080298155629838 
0.916716685755208 0.69129589395418 3.713745088457196 
0.9037682907105654 1.3697194714368006 1.9632680701221654 
2.476213859524286 0.5714368980607216 0.5683143352029644 
0.5674260701102898 4.172346319360807 0.769993485639882 
1.9159544226663066 0.5691246530402165 1.7676897467435948 
2.381353160363404 0.5702997408144648 0.6140396477194251 
0.5847283897333384 3.117984642293692 1.8390940370343494 
0.7742021077306659 0.967717534984919 3.5164071489522626 
1.267449725398437 1.3013411170292728 1.2081560448519402 
1.5748975434119692 0.8843166601226762 1.5822969297379519 
1.07376496132722 1.7598804163704882 0.93665340685573 
0.5922464409564524 4.006688817510192 1.114879121310424 
0.6036911985816293 1.854379659963827 3.3981553292626754 
0.8666893341517058 0.8330551362668059 3.304523938448777 
0.8110160065605883 0.8555742856749976 3.7406737472704714 
0.8897728246661998 1.3271287887772654 2.2637559160017178 
2.2947043649730112 0.5711339355189087 0.7817743422886843 
0.5727766906005923 2.7113291364796117 2.470063220794988 
0.5743910854781981 4.512081337641829 0.5753491013776343 
0.5732745654936368 2.4379305987669526 2.908491738839291 
0.5724707254680539 3.8684014002982607 1.322207304322506 
0.5783251140341615 2.0770454111485956 3.0039704524325828 
1.6952706880489554 0.588826469059635 1.9741488112827303 
0.5820303476183151 2.022822982796771 3.048896674677418 
2.0584597008526067 0.5692720424492134 1.6458772244154343 
0.5678171697169823 4.335644233882233 0.6144386401279727 
0.5728002309168548 3.234399309199024 1.7777517021913285 
0.571001767728998 2.5462177079472292 2.77573402010719 
1.4089781315102656 1.0611956425305966 1.4001416202948267 
0.5734965598834177 2.543304075681456 2.78635601386694 
0.5774074380438793 2.357493488697472 2.961645122989041 
0.5778590854722622 2.64298365066934 2.625508073878442 
1.6325388219545467 0.6083308652150777 1.9041260562020308 
1.4587278403492117 1.0220870585038981 1.2668162442102713 
1.0255020489469726 0.9786487942783426 2.411975175990901 
1.8690600803138033 0.7535955499226156 0.8260780935822101 
1.4712345691190336 1.0895506651851712 0.8119404204975563 
1.356546439355141 1.1810344337638496 1.2112300590235006 
1.601828732786957 0.6031896305637482 2.4963367036666515 
1.4251777347947292 1.1615040975511661 0.8128088542982951 
1.1798686048267064 1.2196941254358142 1.777878463375024 
0.925888208157567 1.417333422541537 1.8561711929152938 
1.8034349424494072 0.7716065319116183 0.8113987655251953 
0.5864098887274666 4.284077621364696 0.6847233487830278 
1.701573571719782 0.7916759148847798 1.4311692342347213 
0.5827319766581502 4.226363081420194 0.7368378702955953 
0.577983569751569 2.6406443978467538 2.6304113793285637 
1.2082635606941272 0.995300186415824 2.0488714653392273 
1.0896335347832062 1.901397810100522 0.5872199073451877 
2.0658121219626495 0.6199986505591111 1.2448827978960193 
0.7660243769914525 1.0425141627461707 3.1907238965244566 
0.9068760509571883 1.4141484885301354 1.9043378428535522 
0.8648383190883988 1.2905740665892356 2.6389042549901705 
1.0905119400704302 0.606364961816882 3.7546752461371034 
0.8952193254098066 1.3801229212872261 2.0538044938412936 
1.0381247920000827 1.7455510102738327 1.0742701474034226 
1.1330883517612556 1.5606944632554514 1.420670295497874 
0.878612348984098 1.3367147236647436 2.3023043656806492 
1.0209045594339703 1.7224631236195809 1.1148024657660975 
0.8337546488091679 1.2107073984626873 2.958658273871432 
0.9438341047871041 1.4927895909463276 1.8076034041627196 
1.2909476130847528 1.1878630510572914 1.6729063513258309 
1.2693327125077838 1.4420668338813738 0.7193451421366174 
1.528512364809461 0.982330531492797 1.3243175644815848 
0.9153823023937928 0.8419241659912352 3.0759885541725325 
1.2296009957379999 0.8638712674745672 2.2894845098760506 
1.0967013472781741 1.4982263150563644 1.7097474985592997 
1.7929204559442362 0.6871136458962539 1.4856654617551666 
1.0725256945374948 1.8454782290241591 0.6457814630948941 
1.3626903679070423 0.7172328654479272 2.3432004267247497 
0.9808359781516243 1.5960877530581916 1.7500601493105328 
1.7186158616236806 0.8894216401812916 0.8000904001199189 
1.182512384545422 1.7091680813207937 0.7580473214506848 
0.8946579374923523 1.3728785367212542 2.113325429274672 
0.9684144357568227 1.5776127632050072 1.7575575607832947 
1.1070415848239872 0.8828863849362806 2.9422710486590256 
1.5035262752607457 1.020929107199927 1.3757245476670668 
1.547231756426426 0.8306952096968432 1.7257561314366452 
0.9919440276208391 1.633483197907705 1.626099410170002 
2.4597528353595672 0.5783257953151122 0.5748994254286135 
0.5788353656007176 0.5788353656007176 6.5788353656007175 
0.9139072580606155 0.72809919122266 4.000071369449305 
1.6097137938652928 0.9416024001863226 0.842927854837915 
0.5830044368403863 2.09943037305702 3.0006672231624822 
0.7773958565544845 0.814621860802609 3.864115680464705 
0.6269516043401049 1.7451353521615462 3.77079903345437 
0.5827732799500323 4.263062987746876 0.697497074571831 
0.5845667247981705 2.775757311810186 2.3692451378351236 
0.585485586364484 2.6099240132579236 2.7089524487524015 
0.5966481593130336 2.6877083882457486 2.5927588782358053 
0.9898438550659439 1.058434193738957 2.4252061071464475 
0.5870604698063272 2.0209761314879704 3.060530171265608 
0.9599964635474516 1.2366036631634614 2.3782059648345424 
1.0827042253513863 0.6082227444808201 3.699865195211501 
1.7162020486455194 0.757762418523911 1.528732123678895 
1.2094527222007079 0.8308013149265282 2.5323853122177074 
1.007996102282863 1.0093984019487836 2.6767111737106823 
1.2892375630344421 1.4126256856763986 0.9594376786033575 
0.8313730832533378 0.7599784997072749 3.873722645621123 
1.7896590331722146 0.7394708113022965 1.3846220842327832 
2.1109873949831135 0.6456028195752419 0.6493252684304524 
1.1262613739513174 1.5276098916928944 1.6095998151878295 
1.266101046055924 0.9955079002303203 1.846386373530466 
2.2039793914526853 0.6242800482244026 0.7104600981945814 
2.0501134535475853 0.654523498468837 0.7163777527140263 
0.5815569395748567 3.7562509128558106 1.537585560218043 
2.0260993900848177 0.6871785789031815 0.7104553518754871 
1.5307527198450548 0.6324476300759332 2.6496493593054224 
2.1008279871245064 0.6145101025623351 0.8224971091166583 
0.6013777864456487 1.8420410513166596 3.420515622174552 
0.5845277079020121 3.660290497550101 1.6659135075018805 
1.106631126211179 0.6428953075426309 3.213558386996236 
0.7431512403000785 0.8983921037879083 3.969624233603623 
1.3618056883399663 1.1748352045356896 1.183971143457553 
0.8377806775908787 0.8941754520248759 3.430716763468581 
0.9163769506858084 0.715822496592984 3.9949778588486278 
2.256722557512342 0.6216959871114836 0.5758852905663441 
1.4411841283819236 1.2969851468941953 0.6015980071480536 
0.7578996616486879 1.0870110118958363 3.1570815852784566 
1.0415498706016877 1.955336128278939 0.630762776633963 
0.886786463903545 1.481652390133294 1.9058824074416614 
1.09067970172714 0.7867255244534077 3.0640484711233746 
1.4341710899671858 1.0853098457616388 1.2431977680795065 
1.6000264805110107 0.9910736365663224 0.8449866623909976 
1.5631962304100693 0.942598403987621 1.211698684579714 
2.2607205565818473 0.6151112619488718 0.6134542649017669 
1.1381969149222662 0.6104811324560124 3.417786567857398 
1.0732191764663022 0.6120818466253204 3.8469774121578086 
0.8338946169710544 1.3198511533962158 2.7325243048978125 
1.9080122719712553 0.8524638042436363 0.6089722398408097 
0.9221772202349143 1.5528832356960562 1.8300200269502631 
1.156774914474403 0.8988450735037246 2.552412616150697 
0.9139073980985084 1.5645849233937157 1.7993154060129761 
0.9371052822359147 0.7336810955305886 3.4165265264585574 
1.8616859061437425 0.660029691952984 1.4504247911498156 
1.686393732616975 0.8836264457673981 0.8849136148687051 
1.538819028679764 1.1100922267168936 0.727494995829696 
1.8369816487157373 0.8848639314991879 0.6582769774738277 
1.7936467568034775 0.8459809530393112 0.8293306799448298 
1.9929230611749176 0.618326451523183 1.4017959273778247 
1.3428833424459026 1.0220873470272518 1.7918368614914533 
1.9619610551645035 0.6670820576359455 1.141094346717378 
0.9988791928814049 0.6631804283814628 3.7722713133189494 
1.2144846928103745 0.6402007497495327 3.178082635224942 
1.593977099067812 0.9901620316184027 0.9642375059090769 
1.120450772444161 1.4347284556856992 1.7225256754126785 
1.7285081744800244 0.8543901645943393 1.0386593484318292 
1.4350818409155957 1.2617226919366387 0.7051707605424017 
1.7448643824886854 0.9215216688523513 0.7057443011796899 
1.0354499679063032 1.7864908671501902 0.9729862133147819 
1.9154030663029542 0.7830911286871334 0.7051107608902359 
2.2801492226524505 0.6131851750773896 0.5711525890209157 
0.572478872781585 4.534280116821696 0.572700251271179 
0.5718472686723551 3.9716368221427745 1.122579200731907 
1.272418312478882 0.7880447197446533 2.116250079017151 
0.9747438899512462 0.6738858049510037 3.714041296016081 
1.191249532645604 1.1476565299596848 1.8885320940229116 
0.5741395457594458 3.26502728777232 1.7759460572669143 
0.5858260300990371 2.8612951323936855 2.195251837848977 
1.137830699968308 0.601473914155409 3.4899167356454335 
0.5769277742146527 2.362944318318987 2.9590158240775173 
0.5743201028696837 3.025000497076566 1.903532185572283 
1.9332115244568442 0.6285266810377943 1.398596313129557 
1.082394388619412 1.8230143210672267 0.6282515181799038 
0.5825920701096751 2.7859111144269018 2.3413601728928946 
1.6614072982606805 0.7459661499266339 1.6923258478932646 
0.5723285665755261 2.9462679769041222 2.0055427417880933 
0.5795748235930615 2.9090682170644193 2.087146732500128 
1.3915241549247959 0.8266167806705516 1.9670266213671939 
1.9003211926817292 0.6985186493976439 1.197429352432079 
0.5787246326126019 4.152014163544965 0.8258621576558123 
1.1736059885222787 0.9127221251679032 2.47495360421172 
1.5314717910610027 1.0027248407674467 1.2120001322093201 
0.5748737261076965 2.0666647336619355 3.0041854676720026 
0.5979601933457366 1.7802014199939242 3.569213175131962 
1.4252416484069248 1.0855715303603353 1.1600159390986682 
2.036131365527681 0.5856675852952302 1.4957384755776704 
1.096530254481463 0.6962066760130537 3.10111614084226 
0.584717803862331 4.07152108222854 0.9733155817474355 
0.5795425231003625 2.0658023376561707 3.012011798433843 
1.1591547020145958 0.8362655607209818 2.662709277307483 
2.0747211600376096 0.6587433068143471 0.6131620729626156 
1.9208265651461423 0.6075954006356246 1.5608251662422155 
1.3066550174790246 1.2457883041886721 0.993329772275729 
1.5533144308816098 0.9577362249757477 1.2969250904046161 
1.5135474727804872 1.0711457456919073 0.9592081917075841 
1.7072740706130731 0.7755503468122261 1.347529824408499 
0.8379034842742226 0.8457964636083695 3.6522924739288847 
1.3046808933841305 1.1873939107430491 1.4140214442925962 
1.3894937840502113 1.2003903789926866 1.0862464373458185 
2.0247524744459113 0.6107598849905156 1.285717895914907 
1.2377114392005804 0.8916158546137491 2.2567516043018174 
1.2111878914374286 0.9683230803912046 1.9771277180122087 
1.5924890200500408 0.8951701225815952 1.468025463517567 
1.3575467267151824 1.3835226157985498 0.6356421730402907 
1.6580348903355233 0.8807242333138963 1.1206787838111123 
2.0522798527516724 0.5842981840282864 1.739409140619398 
0.8924142356428261 0.7884925514132735 3.5904780734611346 
0.7354776490494442 0.9315496804262915 3.8299135988017703 
0.5837512935446908 4.1660241244953955 0.8177960054214511 
0.7959982858128569 0.8948119932588325 3.660352595334558 
1.7095658844867185 0.8503167676268143 1.0481095268076532 
0.5871044089746424 3.616247112954034 1.7110751794072965 
1.2049538485529183 1.6107871331193495 0.6192125194716822 
2.1311259519985346 0.5904665169078929 1.3928435220780182 
1.0954215660652327 1.7361999355540365 0.9291246113879449 
0.8249570423662288 1.1381884844374328 2.9883394272518142 
1.313946840954918 1.4278546023455232 0.8871424989291381 
0.9127026677198636 1.1232860730836123 2.7953729533335063 
0.7689686779474192 0.8840055904233894 3.8362992285022406 
0.8653910605955513 1.232933997629531 2.712178360991106 
1.23338838539153 1.3353043363388108 1.551752464930056 
1.5268093664912494 1.0432321241067135 1.151125238753786 
0.5869806582540779 2.9211048774210995 2.08637106595761 
1.626068050652655 0.9167478977367418 0.9843829398820705 
1.1245283541081932 1.8395600478182161 0.5929820430866832 
2.0425280764448734 0.7853795090332576 0.6222816008497156 
0.5958407449368553 1.875780386427858 3.3216578933810985 
0.8735035694261966 1.2507827782120193 2.6113231239582295 
1.3451558591978956 1.0947951451763163 1.747832011243874 
0.8882589790199146 1.2891537398110802 2.3343272794733076 
0.9937350668235996 1.5334789347346414 1.7517491484107395 
1.6187932404012892 0.6083474839695744 2.1648017547883134 
1.5070727732757243 0.5955112355409239 2.7059799987215714 
1.171284905643912 1.5553462772545033 0.7910667713550188 
1.2811532698574264 0.7530790354045677 2.6500398876554865 
0.5823264003011493 2.85023639242732 2.2068223997997216 
1.1779854832881593 0.9191062011555529 2.1929460384914097 
1.6195116880657388 0.8583483731139998 1.4413957519443656 
1.1341315900124944 1.5587322184735775 1.219190862620191 
1.0453500051973124 1.859314158766424 0.7876191931086519 
1.56748257709289 1.1686374144136835 0.670850682596914 
1.4372829833864655 0.6294565592159584 2.9055529604849424 
1.9168904239301496 0.7108888632103595 0.89886538893693 
1.0266580759044888 1.7972766270627993 1.1076129276125815 
1.0792661343965932 1.2127551721212542 1.9259249200324629 
1.1083550146358299 1.5010337068714725 1.6616197785865707 
1.3125574561455293 1.1759548638602793 1.5547726064607195 
1.3710367254860714 0.7683936016238934 2.209200902517342 
1.1143994763747274 0.6222639288365949 3.6369792645923 
2.090441862065868 0.6130638896287897 1.2479772897591817 
1.332711776685937 0.7596912071270567 2.4035680339585004 
2.052026807148337 0.6405467141009474 1.0183621976859514 
1.9116388077049686 0.7103807898534259 0.921629834776991 
0.9934801058774712 1.5967676940923732 1.7339107878860704 
1.1077576553193529 1.4944299278154314 1.664322477641087 
1.3671872909344134 1.4813655953472225 0.6244618018908421 
0.8258228431906143 1.22264802164486 2.9805935427509676 
1.0064968795114415 1.7213707831178904 1.4521319427055608 
1.0978450410135832 1.0320582279813646 2.2815595880942503 
1.9184215893984202 0.70821562162979 1.1205876569596 
1.6926024720527413 0.7534042510363304 1.6210922268055428 
1.8537215867093433 0.943695463704953 0.6399190276073089 
1.3315946333746638 0.5789750281893611 2.9829703428907375 
2.457112903922036 0.5818384032263625 0.5761205816970845 
0.5779213480262683 3.6812692276970953 1.6290225606873756 
0.7438893443486277 0.9132482228785244 3.860647247960694 
0.8837277248069924 0.7927878694300105 3.5121131175520177 
0.9371544356831816 1.2874174860734502 2.3634799494378465 
0.5786679499916483 4.3796337400576935 0.6085584613672848 
0.7904897861030812 0.8256436572262476 3.85953763453618 
1.15886957926116 1.7894799191060695 0.5915452072459102 
2.3416916447195404 0.5840072814553948 0.6785886414652565 
0.5804276349213829 4.122542365459969 0.8755139844527776 
0.5794145342925767 4.008880726975015 1.0734725409770056 
1.085551073598427 1.6348024876957203 1.0141462559772758 
1.245188616370147 1.354762880127241 1.3012139957861337 
1.035434685814114 0.6131118353160003 3.715707993047855 
0.5779959795307116 2.5679510899746663 2.759741069920804 
1.135368023171075 0.6332648459245651 3.3208401469347315 
0.5799230762731941 2.433051202337832 2.9243078211237776 
1.1229450875586418 1.6910579039602256 0.8392564168976199 
1.534670074813364 0.7470985717545725 2.038621951368654 
0.9523836324688374 0.7975931113322949 3.037163275288757 
2.2198871418691937 0.5982378137810583 0.7407203471929917 
0.5793832974434244 3.7980471769861435 1.4660493870011617 
2.1121005474443315 0.5944444805997064 1.4817172304811828 
0.5800446147566529 4.295337613358106 0.663197414596412 
0.5857455443036407 2.7538393584991763 2.4199379592168286 
0.839293957959403 0.758475897425175 3.860647247960694 
1.709791722473879 0.6098282948249227 1.7958123881535264 
1.137254843672065 1.71872254354773 0.7379857887608529 
1.0727562185130257 1.6075911185212401 1.18668057154697 
1.5179424019015268 1.0166959683742378 1.224350364980257 
1.5627707474899402 0.6063485228243298 2.179888819618691 
1.0059712084655579 0.6669664084525034 3.7408025538673546 
0.8254805931784898 0.9143339589414414 3.3119568038025737 
0.9037842958356601 0.7340490188313369 3.9736283769324805 
0.5795544043113692 2.792016028234336 2.3188796622424857 
0.8373871217476454 1.3252036022533131 2.6360560255383527 
0.7309838209556124 1.0126677301243743 3.5300884503204606 
1.339240734097431 0.7513024656445266 2.3665304529738953 
0.9630559926413278 1.6799595216841936 1.7202013721627205 
0.7280343090578129 0.9976466556326292 3.671144975377848 
0.7767226547931662 1.155265475443687 2.9876876737540528 
1.4930094938937875 1.067303395116058 0.9686936574336028 
1.0570398501583027 2.0003054585661006 0.5843231559019202 
1.2874167184678362 1.6205993209577407 0.6180313193596714 
0.8721567158990242 1.4128267376490617 2.1793840293199143 
0.8126835366078685 1.254516607753962 2.9197128700067143 
1.0921543465845938 0.6080219447699795 3.6758723158961093 
0.5837056167179793 3.6704380598120405 1.6534980062422353 
0.9802371489287282 1.7411811738767677 1.4749849869017335 
0.897292689352481 0.7902074407588464 3.366790132836599 
1.1218894107978945 1.378475792482234 1.6985780584711796 
0.9821849744022306 1.185740273667966 2.5138952378921546 
1.8369612213338815 0.6399465832622087 1.6518770383713446 
1.2311871565136001 0.7642523284293881 2.5293007891254566 
1.724156674855454 0.7679716907888177 1.158188228027778 
0.8836078338750609 1.4528193771750262 1.9753552683575237 
1.2422391087000149 0.6844634736893053 2.816111143739475 
1.8841737164587893 0.6301591371995583 1.5804023338346345 
0.5798949883817792 4.2675905374514045 0.6874473051106399 
0.8762424241215299 0.7767587992498706 3.5972886447469077 
1.0001428728420203 1.818023104633295 1.0157712277245299 
1.3675044369243428 0.6498215414253725 2.944903134667398 
1.68088651672111 1.0476347148631173 0.6393571005942815 
1.4548768136007393 0.7729517879496424 1.8540827109240214 
2.0726870857059407 0.6218472728192869 1.1026082216240705 
1.0456571358058508 1.9523689895941363 0.6062618523542194 
1.8039990395311314 0.7354807918599742 0.9867089456667109 
0.5841395696609973 3.793680616383177 1.4857926436044346 
1.2520443148927074 0.5878121522874981 3.1498813102592598 
1.746954176909778 0.9513757418193807 0.5871376327636404 
1.5873094743307838 1.1202790238985454 0.5866888951155345 
1.5736900986255824 0.6916918678426697 2.0003696364846655 
1.9465820121680468 0.6786656382808847 1.3615771812584994 
1.3085296877455876 1.027563562694184 1.770241603498996 
1.643996437351145 0.8225326324079847 1.3385854523702494 
1.0313647449513594 1.8986611251663086 0.7159871994654523 
1.0213405306875103 0.9707620762846634 2.942423951262871 
1.5631307289171792 0.9977069549434416 1.146828381448503 
1.1948138204963703 1.0085455003599542 2.0885941645552344 
1.383220051248132 0.9806534256575498 1.8479802016555182 
1.665430596113799 0.5893166972929447 2.335226821344381 
0.5927057031498274 2.5352663177259833 2.84388696956371 
1.1203306029608662 1.7444720569502077 0.7180583376759127 
0.9340305330922105 1.3252908431754473 2.1555110162216704 
0.963595044388552 0.6874928273090769 3.7483615027504333 
1.5709556877149733 1.0281113992095714 1.100370747735412 
1.5996308708456528 0.5909449065233331 2.6218682877067203 
1.9804295881305256 0.6645653012418391 0.9640217918414434 
1.6225006871828789 0.6023059671688148 2.0932728900649185 
1.2567364896556907 1.4570596725475666 0.8540844423528811 
1.052141531704326 1.187411858504633 1.990315256065022 
0.5895625420922893 3.6136926413143877 1.7174696145615176 
1.7676122341562481 0.7406941155753484 1.2509995033768089 
1.327026870511035 0.769235467881085 2.202082779214667 
1.407128208025097 1.0232077798018315 1.6466556659674876 
1.7876911636927018 0.5896224275243789 1.898505504336827 
1.2097599312895615 1.3966071118819512 1.2801926113494573 
1.3846288825134299 0.942266169368123 1.845402481708542 
1.5948572917166923 0.6227635906586685 2.103839401719769 
1.4076050827541042 0.6360914800459796 2.676742881550676 
1.514677975463941 1.080057028823301 0.9170833795240287 
1.6416030661589378 0.5739397966730984 2.376813176961953 
0.5736779495716182 4.527204984448817 0.5740762566470408 
2.248610678218228 0.6217064630251176 0.5735878630764062 
0.5810989834121384 1.9958383022367427 3.0750490750931823 
0.7995836934617291 0.8782105233995381 3.6523065539283155 
0.5869419308547923 1.8032595868561763 3.468004870081688 
0.8416176640469016 0.8093487885689463 3.590747941323062 
0.9476811874822639 0.6847937112434548 3.8298446461885156 
0.5854153648855064 2.866890783006476 2.1829934084658364 
0.5752658851182395 3.57480045915138 1.7207135577397183 
2.163943631322098 0.6177547613927296 0.7754762769904326 
1.3851145965509168 1.0754332718981299 1.6453211542321324 
1.9667648815017749 0.6187181833740232 1.4466079458910963 
1.080788472136684 1.750223101092815 0.9091519798556118 
0.9603909909980377 0.738073574233809 3.1894383404035915 
0.5737128506495841 3.9214239270919444 1.2250041292911207 
1.1831900912521047 1.4102379464718577 1.2967810831671613 
1.895668443045353 0.8640618297700511 0.7311071204853028 
2.0083058911323555 0.7260907085472077 0.6926838084688959 
0.5922376620935637 1.8812817681372616 3.297825068706011 
1.0271465340803425 0.6084731872073373 4.071637543132579 
1.220805097520197 0.7478793059351841 2.862919211786358 
1.2835717037672407 0.9799667290900336 1.8883789225278083 
1.6672535331979503 0.8471451566947008 1.2465019763331755 
1.2315596004650018 1.1491566612951711 1.7475685258529938 
0.9712382551058818 1.2282036209008353 2.473353081120929 
0.8770539038469387 0.8539945443470995 3.195831809403354 
0.5797035534653313 3.5234516031822065 1.754523283378227 
0.7688622992057084 0.9710448359964605 3.661289364229321 
1.0429231210925567 0.7616900467461898 3.130578648512019 
0.8750561307417113 0.737591333550381 3.853601272432265 
0.9932942263570277 0.6859449031681522 3.450756308105947 
1.2861274624019372 1.435315133999544 0.6817052150279436 
1.3243000015917015 1.4817448624985312 0.6027257024505869 
0.8969093559799076 1.2679884443436094 2.5515958229177924 
1.4148087255752464 1.261844480075358 0.8432268945233996 
0.9226858378818851 1.4039075900009155 1.9284477821587123 
1.6022211502136021 0.6388288679769242 2.082730293545106 
1.3688126530668612 1.147860905154992 1.4554754893452801 
0.9558874155285204 1.385973562956579 1.9469597432720018 
1.0951509248041966 0.6292528124993764 3.4529188837244096 
1.340829029047442 1.3660832094159536 0.8809221726051271 
0.9933929582748788 1.5797076162059174 1.755241373657522 
0.9022687721431204 1.282522039546116 2.4387189193936547 
1.0979914834458346 1.7308786314428797 0.8006312350139644 
1.1559917363748546 0.9182747495293406 2.5874247878403924 
1.2641249059313084 1.2470523914636835 1.5262946142294813 
1.0269832166995845 1.5597405934121666 1.7274547923253962 
1.0014474728951712 0.6420665068362081 3.857887819898456 
1.2123626171117174 1.0806435610098801 1.8213637786061843 
1.5601802901831858 0.7851968071914757 1.828535212806551 
1.0502482478584891 0.9548532551966508 2.8984463189236367 
0.5936445959055783 2.6920400719378303 2.5748154002765737 
0.9190849916815917 0.6485160311243127 4.125666081183026 
0.7652194649550974 0.9175898127921878 3.736029220024032 
1.1238134868921636 0.6076423422107153 3.6238460088454585 
0.8305728420264729 0.8785329304087646 3.450481293151928 
1.9491303836326073 0.8305075084814701 0.6124248921707147 
1.0001781533526666 0.6098438811312137 4.125507611375367 
1.362594765560877 0.9879258974509633 1.7176742119057473 
1.1010276446777016 0.6597279474867116 3.167535718616821 
0.5936445959055783 4.066058494809447 1.0080400304654369 
1.768059267214591 0.7347620863180602 1.531398683560349 
1.2084091888874693 1.1252117002159023 1.8334580790952284 
1.6373266407253633 0.7828479542226126 1.740226815084036 
2.3917325863810257 0.5848266271878751 0.569541515333335 
0.5685684389457666 3.9313927430628492 1.1906843140277195 
0.9179584336632035 0.6862030799298234 3.9644557650356136 
0.6271514868047594 1.7305158934948446 3.8100120812840848 
0.7235839850875567 0.9250081831281658 3.86221344135161 
0.5727528075529968 4.394061367848933 0.5945873046490486 
1.2960029524001375 0.6618857019926931 2.7269217516513846 
0.5773663245496635 1.9380146494588972 3.1460519933729736 
1.7181547025207147 0.8766225202162217 1.0212050788209253 
0.5779501103787804 2.3503817584629845 2.96470949730061 
0.5702032204618234 2.1841620335419125 2.9705257073500415 
1.4747959982555732 0.5895649998512772 2.8124802334100547 
1.2554467137759677 1.4427150970999856 0.925977250497795 
0.5758932500218863 2.4816427462407225 2.8715883340214496 
0.7742196672739524 1.0468179688266641 3.0496622780348384 
0.5728232353849064 3.760485754096392 1.5091712661087113 
0.7953525638965765 0.7657723054015086 3.9375035393586657 
0.7291891606282922 0.9378927142540019 3.7657561107186517 
1.1653623416458583 0.5802213144906823 3.455085485053536 
0.5747956261930616 2.9371159010456935 2.0265195062212618 
0.5751554071376397 4.2983879621831145 0.6519632120700198 
1.5504439619736443 0.6154828850724163 2.11567105365768 
1.0987144763979955 0.5843569319943756 3.6729624614731304 
0.5769420429067512 4.1266593088616945 0.8599889114601234 
1.2212037563761413 1.3599285822496765 1.194639792088923 
1.5829830250619694 1.1820755244134067 0.6130922184705835 
0.574224990335469 4.033220270308447 1.013121522762157 
0.969163330306908 0.6238071919020174 3.8627138548300026 
0.998045988876946 1.59030260597575 1.5997780161181634 
1.6202145550713565 0.76417267685594 1.8510591280499662 
0.8371649293082051 1.201006234577079 2.857372429992335 
1.087246714064684 1.1110166485081352 2.2602666103184643 
1.3803672242175122 1.218647089693297 1.076829573416894 
1.0198891933585557 0.6966244175559655 3.3036039269210686 
0.5744859723681406 3.9609686561242645 1.1508688002726304 
2.197774244974383 0.5745617273960759 1.0671323781707787 
0.9360322780379263 0.9527698850629784 3.0237499178478497 
1.1123262244767096 1.8676409872282846 0.5828791591391799 
1.02731844390711 1.6613605022646438 1.2258518881757048 
2.251370483159057 0.5836491408455166 0.678855082098734 
2.1521096095744485 0.5790121271784724 1.3778509548120121 
0.5739180958137917 3.5512617266766515 1.7327245031704244 
2.20943457345577 0.6026129487615416 0.6358411423796828 
2.365099054560797 0.5796572200247907 0.6605489169740973 
1.998166200046766 0.5960625882678371 1.380408030513502 
0.9004253562988525 1.3530581618670972 1.9875736979493244 
2.033094810716629 0.6572701705223816 0.7057703215079324 
2.0966221898285924 0.5714699400466384 1.5353304744976664 
1.0115843778531126 1.6202197995807093 1.4732064757109744 
0.5729560952351488 2.995695868355184 1.9362420686826836 
0.5745459063083426 3.556449384433092 1.7307935840360518 
0.8624713912832245 0.8897074000964831 3.4013405594682515 
1.3373471866139484 1.2971059727611476 0.9045289680795118 
1.5246335842228897 0.9048051347755979 1.7890728091338874 
1.671120232768792 1.0758674556008643 0.6251865358906219 
1.3788002590038477 1.2309620152874738 1.1739979390200854 
2.250755102578351 0.6232520603700942 0.5725862357175423 
0.7317462958170766 0.9225723868878303 3.905916694820829 
1.0563763842277836 1.6913564543052977 0.9630912799500073 
0.5770873044914457 2.505581748323909 2.8462829394225553 
1.087072276538507 0.6015113919453262 3.809837902879604 
1.449847644338454 0.6497607639615549 2.0903706921097314 
0.5755435291821744 2.1637471790659646 2.9772434986999423 
1.5820074720334114 1.0079183013399144 0.9356608447216173 
0.9812147486752889 1.5074851444880468 1.7806606682116728 
1.0343435702090051 1.6328999653713148 1.3463069227237128 
0.5779004923779048 3.0468355478262854 1.8872572205717875 
0.5768453348975447 2.0513564894292435 3.0167278623625395 
0.8089204678719154 1.1032067315885303 2.9907179813124554 
0.5861941692488895 2.9952923583074815 1.9677172070107343 
2.297292849634925 0.5875146908024665 0.6541997895302587 
0.5796498737201752 2.6116626486733208 2.6895369063549266 
1.2671559208292662 0.6132151723892885 3.099045075486611 
0.5770845997150157 4.114219578904838 0.880172406455011 
0.5785353575737268 2.934929929060954 2.0399599412826697 
1.6458101991945475 0.591820503176173 2.3641719224807716 
0.8411525946222818 1.1813683386947567 2.918110272086714 
0.7692839494841601 1.0059688257948909 3.2716008800546663 
0.5782476508778525 2.4487590761228137 2.908489187116129 
0.5860574456457573 2.8559775237068794 2.206529282971648 
0.8651710695540117 1.2425192174597735 2.6120729648091876 
0.5808636303547531 1.9650582510477164 3.113901507816313 
1.1455006677536512 1.4847817727525077 1.0354270637621612 
0.9319957352838779 1.38792007262686 1.8669411690344409 
1.3754914314794924 1.130390266839453 1.3381035105617372 
0.8924170673986511 1.2985257793122886 2.2852607878783324 
1.70177894552273 0.7126941388171095 1.5626265334335865 
1.9885035814639345 0.6629040350553418 1.0994941897691 
1.9256298363855 0.6896809026785528 0.7952561671569157 
1.8506890302284902 0.7749904350690868 0.7321597029246067 
0.7601789058038486 0.9912899048998393 3.334268831021402 
2.3483867476454376 0.5758250424693867 0.6931531277921652 
0.5879412486266888 2.767205299243995 2.398177025632206 
0.9138255449802657 1.3430190955725039 2.0494019340696683 
0.9459676935619177 1.4242310460276872 1.8018629173661407 
0.5808549093106764 2.741176182644779 2.431702863517126 
1.1046456018206898 1.0604278661412638 2.07615036908064 
1.097275071589863 1.7873624354022384 0.6172468655768333 
1.7230977986729341 0.8453577100583891 1.2861183322416305 
1.212463047314118 0.7674996770385706 2.7100706863057216 
1.495428221207428 0.607352576882498 2.704204717370264 
1.0956550676593295 1.7581378029421018 0.7575439544987705 
0.8434415824957249 0.8202959062170551 3.4240193715030824 
0.8836086664432504 0.8276382593584533 3.3519492955222487 
1.8639933478322983 0.5932059576219589 1.7933973254350923 
1.9537665327930172 0.7958946476164519 0.6031181747718337 
1.7848479784088203 0.7334494934305782 1.3943744766929407 
1.506951941439612 0.6351064379339866 2.32749293555526 
1.7215099894150236 0.9381244547390084 0.7183339821518153 
1.2220732555977545 1.416180586461754 1.1350787513215974 
1.257890026719506 1.38749783667981 1.0647337231963339 
1.462895063498419 0.9748113194607575 1.7258935217434597 
1.5053612091793025 0.6346054624477371 2.631555038669925 
1.6154224772261696 1.0484217877526385 0.6376352359191082 
1.3491667307820427 1.2149969188340557 1.3262598011431384 
