[150778.0, 354.0, 160.0, 4.0, 7.0, 1225.0, 139.0, 1152.0, 0.3928571428571429]	150778	354	160	4	7	139	1225	1152	0.3928571428571429	R1: 0 10 7 0  R2: 0 3 1 5 3 11 8 2 7 6 10 8 5 9 7 6 4 8 1 8 6 10 3 0  R3: 0 10 6 0  R4: 0 1 5 9 1 2 9 6 9 10 11 6 3 8 4 0  R5: 0 5 2 7 8 5 1 9 6 1 9 11 7 2 5 1 10 7 3 1 5 10 9 0  R6: 0 2 6 0  R7: 0 4 3 6 2 5 7 10 6 8 6 4 0  		
[169599.0, 36.0, 137.0, 1.0, 10.0, 718.0, 161.0, 1340.0, 0.42500000000000004]	169599	36	137	1	10	161	718	1340	0.42500000000000004	R1: 0 10 7 3 9 7 6 10 6 0  R2: 0 9 10 0  R3: 0 10 1 3 6 5 0  R4: 0 7 2 9 0  R5: 0 2 1 8 5 2 6 8 6 8 10 1 6 4 5 2 6 4 0  R6: 0 11 7 0  R7: 0 1 5 10 9 4 8 6 11 6 4 3 2 3 9 8 4 8 1 3 0  R8: 0 5 1 7 0  R9: 0 8 5 8 9 2 6 1 9 11 7 5 7 1 10 1 7 3 1 10 5 0  R10: 0 6 10 0  		
[159284.0, 362.0, 132.0, 5.0, 6.0, 1201.0, 129.0, 1239.0, 0.33333333333333337]	159284	362	132	5	6	129	1201	1239	0.33333333333333337	R1: 0 3 1 5 3 11 8 2 7 6 10 8 5 1 6 4 10 8 6 1 6 10 9 0  R2: 0 11 6 0  R3: 0 10 1 6 1 8 5 1 6 10 7 9 10 3 9 7 8 4 8 3 0  R4: 0 5 2 7 8 5 1 9 6 1 9 11 7 2 5 1 10 7 3 1 5 10 9 0  R5: 0 2 9 0  R6: 0 4 3 6 2 5 7 8 6 2 6 4 0  		
[167889.0, 157.0, 149.0, 3.0, 10.0, 871.0, 111.0, 1374.0, 0.4]	167889	157	149	3	10	111	871	1374	0.4	R1: 0 9 10 0  R2: 0 5 1 2 9 8 10 7 6 10 3 4 0  R3: 0 3 9 0  R4: 0 10 1 6 5 3 5 1 8 6 11 6 0  R5: 0 11 8 2 6 8 7 8 1 5 6 10 4 6 7 3 0  R6: 0 1 4 0  R7: 0 5 2 7 8 5 1 9 6 1 9 11 7 10 5 7 2 1 3 1 5 10 0  R8: 0 2 6 4 0  R9: 0 6 10 0  R10: 0 4 3 2 9 7 6 8 10 1 8 3 0  		
[171416.0, 238.0, 166.0, 2.0, 8.0, 1145.0, 121.0, 1249.0, 0.40625]	171416	238	166	2	8	121	1145	1249	0.40625	R1: 0 5 1 0  R2: 0 3 9 0  R3: 0 1 5 10 5 3 9 2 6 11 6 10 3 7 10 5 1 6 0  R4: 0 1 3 1 8 1 4 9 10 8 1 2 9 0  R5: 0 11 2 8 6 8 7 2 9 6 10 6 4 7 3 8 6 10 0  R6: 0 5 2 7 8 5 1 9 6 10 1 9 11 3 7 5 2 10 1 8 1 5 7 4 3 0  R7: 0 6 2 6 3 10 4 0  R8: 0 4 3 0  		
[169638.0, 302.0, 130.0, 5.0, 10.0, 1166.0, 136.0, 1196.0, 0.4]	169638	302	130	5	10	136	1166	1196	0.4	R1: 0 3 1 3 9 5 0  R2: 0 8 3 0  R3: 0 6 1 6 10 2 8 0  R4: 0 10 6 2 1 2 9 6 9 10 4 3 8 6 5 0  R5: 0 11 5 8 2 7 11 6 1 5 7 5 1 0  R6: 0 10 7 3 10 6 10 1 0  R7: 0 5 1 5 9 7 3 9 10 7 8 1 9 7 2 6 10 8 1 6 1 5 4 0  R8: 0 6 2 4 6 0  R9: 0 8 1 0  R10: 0 2 3 9 4 0  		
[175535.0, 292.0, 163.0, 2.0, 12.0, 997.0, 135.0, 1405.0, 0.5625]	175535	292	163	2	12	135	997	1405	0.5625	R1: 0 9 10 0  R2: 0 5 9 0  R3: 0 3 9 0  R4: 0 11 6 10 8 1 0  R5: 0 2 8 0  R6: 0 1 5 1 3 8 1 2 10 7 3 9 7 6 5 4 0  R7: 0 10 6 0  R8: 0 1 8 5 1 0  R9: 0 11 2 8 6 7 8 4 3 4 2 10 6 9 7 6 3 6 10 4 0  R10: 0 10 1 0  R11: 0 5 2 7 8 5 1 9 6 1 9 11 7 10 5 1 7 2 8 3 1 10 5 0  R12: 0 2 6 0  		
[155069.0, 334.0, 73.0, 6.0, 6.0, 1100.0, 114.0, 1097.0, 0.20833333333333337]	155069	334	73	6	6	114	1100	1097	0.20833333333333337	R1: 0 3 1 5 3 11 8 2 7 6 10 8 5 1 6 4 10 8 6 1 6 10 9 0  R2: 0 6 9 11 6 10 9 7 8 0  R3: 0 1 5 1 9 8 4 8 10 7 6 3 4 0  R4: 0 5 2 7 8 5 1 9 6 1 9 11 7 2 5 1 9 7 3 1 5 10 0  R5: 0 6 2 6 4 0  R6: 0 4 3 6 2 5 7 8 10 1 3 10 0  		
[171082.0, 160.0, 149.0, 2.0, 10.0, 845.0, 120.0, 1353.0, 0.42500000000000004]	171082	160	149	2	10	120	845	1353	0.42500000000000004	R1: 0 9 10 0  R2: 0 5 2 9 5 1 8 10 7 6 10 3 4 0  R3: 0 3 9 0  R4: 0 11 6 5 1 7 0  R5: 0 1 3 1 8 0  R6: 0 10 6 1 3 4 0  R7: 0 11 8 2 6 8 7 8 1 5 6 10 4 6 7 3 0  R8: 0 5 2 7 8 5 1 9 6 1 9 11 7 10 5 7 2 1 3 1 5 10 0  R9: 0 6 2 6 4 6 10 0  R10: 0 4 3 2 9 7 6 8 10 1 8 3 0  		
[175212.0, 160.0, 144.0, 1.0, 10.0, 932.0, 115.0, 1318.0, 0.42500000000000004]	175212	160	144	1	10	115	932	1318	0.42500000000000004	R1: 0 9 10 0  R2: 0 5 2 9 5 1 8 10 7 6 3 10 4 0  R3: 0 3 10 6 1 9 1 4 8 0  R4: 0 11 6 5 1 7 0  R5: 0 1 3 0  R6: 0 1 3 0  R7: 0 11 8 2 6 8 7 8 1 5 6 10 4 6 7 8 3 1 0  R8: 0 5 2 7 8 5 1 9 6 1 9 11 7 10 5 7 2 1 3 1 5 10 0  R9: 0 6 2 6 4 6 10 0  R10: 0 4 3 2 9 7 6 8 10 1 0  		
[172361.0, 348.0, 145.0, 2.0, 9.0, 1113.0, 103.0, 1350.0, 0.38888888888888884]	172361	348	145	2	9	103	1113	1350	0.38888888888888884	R1: 0 9 10 0  R2: 0 3 10 6 1 11 8 7 2 5 4 8 1 5 7 6 4 8 3 6 10 1 9 0  R3: 0 6 8 10 7 3 6 4 10 6 0  R4: 0 5 2 9 5 1 0  R5: 0 11 6 10 4 2 9 7 3 8 2 6 0  R6: 0 1 3 1 8 0  R7: 0 1 3 0  R8: 0 10 6 1 8 3 4 0  R9: 0 5 2 7 8 5 1 9 6 1 9 11 7 2 5 1 9 7 3 1 5 10 0  		
