[147757.0, 158.0, 116.0, 2.0, 6.0, 968.0, 192.0, 1236.0, 0.29166666666666663]	147757	158	116	2	6	192	968	1236	0.29166666666666663	R1: 0 6 8 6 4 1 3 4 2 9 0  R2: 0 3 1 3 11 7 9 5 0  R3: 0 10 5 1 10 7 3 6 2 5 11 9 3 6 7 5 7 10 6 11 7 8 3 6 10 4 0  R4: 0 2 1 2 9 8 10 7 5 7 1 8 1 9 7 0  R5: 0 8 5 8 9 1 9 2 6 2 8 5 1 10 1 8 1 5 0  R6: 0 2 6 4 0  		
[158815.0, 113.0, 133.0, 3.0, 7.0, 1088.0, 144.0, 1105.0, 0.3571428571428571]	158815	113	133	3	7	144	1088	1105	0.3571428571428571	R1: 0 9 5 7 8 7 10 5 7 10 1 8 6 1 5 0  R2: 0 5 1 0  R3: 0 3 1 3 1 8 4 8 10 6 9 7 1 9 7 6 4 0  R4: 0 1 5 10 3 8 1 6 9 11 9 4 3 2 9 5 1 10 11 7 3 10 6 10 1 0  R5: 0 2 7 2 8 2 9 1 6 10 3 4 2 8 5 2 8 3 6 0  R6: 0 11 7 0  R7: 0 6 4 0  		
[149576.0, 158.0, 155.0, 3.0, 7.0, 897.0, 178.0, 1176.0, 0.4285714285714286]	149576	158	155	3	7	178	897	1176	0.4285714285714286	R1: 0 6 8 6 4 1 3 4 2 9 0  R2: 0 3 9 0  R3: 0 1 3 1 2 9 8 5 10 7 5 7 1 8 1 9 7 0  R4: 0 10 5 1 10 7 3 6 2 5 11 9 3 6 7 5 7 10 6 11 7 8 3 6 10 4 0  R5: 0 11 7 0  R6: 0 8 5 8 9 1 9 2 6 2 8 5 1 10 1 8 1 5 0  R7: 0 2 6 4 0  		
[178079.0, 173.0, 176.0, 3.0, 11.0, 958.0, 107.0, 1190.0, 0.4772727272727273]	178079	173	176	3	11	107	958	1190	0.4772727272727273	R1: 0 10 7 9 10 0  R2: 0 3 1 4 3 9 0  R3: 0 11 6 0  R4: 0 1 3 1 8 1 2 6 8 6 10 9 7 2 5 1 6 4 2 6 9 10 0  R5: 0 6 1 3 6 3 4 0  R6: 0 7 2 9 0  R7: 0 2 5 0  R8: 0 11 5 8 9 7 1 2 9 2 8 10 6 11 7 8 3 10 0  R9: 0 8 6 5 7 1 0  R10: 0 5 10 0  R11: 0 4 8 5 6 1 7 10 8 1 6 1 5 4 10 3 0  		
[152371.0, 180.0, 140.0, 1.0, 7.0, 1040.0, 198.0, 1176.0, 0.4285714285714286]	152371	180	140	1	7	198	1040	1176	0.4285714285714286	R1: 0 10 7 0  R2: 0 3 9 5 10 5 9 0  R3: 0 10 1 6 8 1 3 2 5 9 4 3 7 10 5 7 1 2 6 4 3 1 10 5 11 0  R4: 0 7 2 5 1 6 8 11 6 10 9 7 2 5 9 1 10 8 3 1 0  R5: 0 2 1 2 9 8 1 9 6 1 8 2 10 6 4 7 1 5 8 6 10 3 0  R6: 0 11 7 0  R7: 0 3 4 0  		
[143987.0, 181.0, 62.0, 3.0, 5.0, 978.0, 190.0, 1119.0, 0.30000000000000004]	143987	181	62	3	5	190	978	1119	0.30000000000000004	R1: 0 3 1 3 9 2 9 6 8 6 4 1 2 3 4 9 5 0  R2: 0 10 5 1 10 7 3 6 2 5 11 9 3 6 7 5 7 10 6 11 7 8 3 6 10 4 0  R3: 0 1 11 7 8 10 7 5 7 1 8 1 9 7 0  R4: 0 8 5 8 9 1 9 2 6 2 8 5 1 10 1 8 1 5 0  R5: 0 2 6 4 0  		
[166665.0, 78.0, 153.0, 2.0, 7.0, 880.0, 140.0, 1190.0, 0.3928571428571429]	166665	78	153	2	7	140	880	1190	0.3928571428571429	R1: 0 6 2 6 9 10 7 5 1 10 6 4 7 3 1 8 5 0  R2: 0 3 1 9 1 4 5 3 9 8 5 1 6 2 5 7 8 2 6 4 0  R3: 0 10 6 2 1 7 2 9 8 9 6 10 4 3 2 3 9 5 4 8 1 3 0  R4: 0 11 7 8 1 10 11 7 3 9 6 7 5 1 10 1 3 10 6 10 0  R5: 0 8 1 0  R6: 0 5 10 0  R7: 0 8 1 0  		
[149554.0, 164.0, 116.0, 4.0, 8.0, 1024.0, 159.0, 1180.0, 0.4375]	149554	164	116	4	8	159	1024	1180	0.4375	R1: 0 10 7 0  R2: 0 3 1 3 11 7 9 5 0  R3: 0 10 5 1 10 7 3 6 2 5 11 9 3 6 7 5 7 10 6 11 7 8 3 6 10 4 0  R4: 0 2 1 2 9 6 8 6 4 3 2 1 9 5 0  R5: 0 8 1 9 7 0  R6: 0 3 4 0  R7: 0 8 5 8 9 1 9 2 6 2 8 5 1 10 1 8 1 5 0  R8: 0 2 6 4 0  		
[153254.0, 161.0, 80.0, 1.0, 7.0, 1053.0, 156.0, 1169.0, 0.2142857142857143]	153254	161	80	1	7	156	1053	1169	0.2142857142857143	R1: 0 1 10 6 1 11 7 5 1 3 10 7 8 9 7 5 7 0  R2: 0 1 3 4 5 8 1 8 6 11 6 3 6 9 0  R3: 0 10 1 8 1 3 0  R4: 0 5 7 1 0  R5: 0 5 2 7 2 9 10 6 2 6 1 9 11 2 8 10 6 2 6 4 1 5 0  R6: 0 4 8 7 10 6 5 4 7 1 3 10 6 10 0  R7: 0 9 2 9 6 10 2 3 4 9 0  		
[146704.0, 151.0, 125.0, 3.0, 6.0, 996.0, 144.0, 1206.0, 0.29166666666666663]	146704	151	125	3	6	144	996	1206	0.29166666666666663	R1: 0 6 8 6 4 1 9 7 2 3 9 6 4 0  R2: 0 1 3 5 11 7 9 0  R3: 0 10 5 1 10 7 3 6 2 5 11 9 3 6 7 5 7 10 6 11 7 2 3 6 10 4 0  R4: 0 2 1 2 8 9 10 7 8 1 5 0  R5: 0 3 4 0  R6: 0 8 5 8 9 1 9 2 6 2 8 5 1 10 1 8 1 3 5 0  		
[156447.0, 166.0, 137.0, 1.0, 6.0, 944.0, 165.0, 1265.0, 0.29166666666666663]	156447	166	137	1	6	165	944	1265	0.29166666666666663	R1: 0 1 3 5 9 0  R2: 0 10 5 1 10 7 3 6 2 5 11 9 11 7 6 5 7 10 6 8 3 1 5 10 4 0  R3: 0 2 1 2 9 8 10 7 5 1 7 8 2 1 9 2 6 4 0  R4: 0 11 7 5 1 6 8 6 1 3 9 7 6 0  R5: 0 7 8 3 6 10 0  R6: 0 8 1 8 9 1 9 2 6 4 2 3 8 6 4 10 1 0  		
[145901.0, 339.0, 131.0, 3.0, 7.0, 1099.0, 160.0, 1139.0, 0.3214285714285714]	145901	339	131	3	7	160	1099	1139	0.3214285714285714	R1: 0 5 11 8 1 5 9 11 2 10 5 8 2 6 4 1 5 7 0  R2: 0 3 1 3 2 4 9 0  R3: 0 11 6 8 1 10 0  R4: 0 5 10 6 7 5 1 8 2 5 10 7 3 6 3 4 5 1 10 9 8 3 10 1 7 6 0  R5: 0 8 6 8 4 3 7 10 0  R6: 0 2 9 6 4 7 10 1 7 3 6 10 0  R7: 0 9 2 0  		
[181358.0, 101.0, 155.0, 3.0, 11.0, 804.0, 118.0, 1273.0, 0.5227272727272727]	181358	101	155	3	11	118	804	1273	0.5227272727272727	R1: 0 3 9 0  R2: 0 1 5 0  R3: 0 6 1 6 10 0  R4: 0 10 1 3 1 5 1 8 9 5 10 1 6 9 7 4 0  R5: 0 7 8 2 8 10 1 7 6 3 5 1 7 4 2 6 0  R6: 0 11 7 0  R7: 0 7 3 0  R8: 0 5 10 2 5 9 8 6 1 5 7 8 2 8 0  R9: 0 6 10 0  R10: 0 4 3 7 10 6 4 10 6 10 1 3 10 1 5 0  R11: 0 9 11 9 8 2 11 1 9 6 4 8 3 0  		
[169594.0, 261.0, 128.0, 1.0, 9.0, 1042.0, 143.0, 1341.0, 0.41666666666666663]	169594	261	128	1	9	143	1042	1341	0.41666666666666663	R1: 0 3 1 3 8 1 8 1 5 6 1 9 2 8 0  R2: 0 10 1 4 6 1 8 0  R3: 0 11 2 7 2 5 11 6 10 3 4 1 6 4 9 6 4 0  R4: 0 5 10 7 9 11 9 7 0  R5: 0 7 3 0  R6: 0 5 2 7 5 10 5 1 6 8 2 3 6 7 10 5 1 9 10 8 3 10 1 7 0  R7: 0 6 10 0  R8: 0 4 8 2 3 10 1 2 9 6 1 5 0  R9: 0 9 2 0  		
[146639.0, 339.0, 131.0, 3.0, 7.0, 1139.0, 148.0, 1111.0, 0.3214285714285714]	146639	339	131	3	7	148	1139	1111	0.3214285714285714	R1: 0 5 11 8 1 5 9 10 2 11 5 8 2 6 4 1 5 7 0  R2: 0 3 1 3 2 4 9 0  R3: 0 11 6 8 2 10 1 9 10 1 7 3 6 10 0  R4: 0 9 7 0  R5: 0 5 10 6 7 5 1 8 2 5 10 7 3 6 3 4 5 1 10 9 8 3 10 1 7 6 0  R6: 0 8 6 8 4 3 7 10 6 4 0  R7: 0 9 2 0  		
[169867.0, 139.0, 155.0, 3.0, 10.0, 891.0, 137.0, 1288.0, 0.44999999999999996]	169867	139	155	3	10	137	891	1288	0.44999999999999996	R1: 0 3 10 9 1 4 5 9 3 6 0  R2: 0 1 3 0  R3: 0 2 7 2 9 5 8 9 10 8 7 1 2 10 6 7 8 3 1 5 0  R4: 0 6 10 0  R5: 0 11 7 5 1 6 8 11 9 2 11 8 6 0  R6: 0 5 10 0  R7: 0 6 4 0  R8: 0 8 1 8 2 10 6 5 1 3 5 6 7 10 8 1 3 10 6 4 0  R9: 0 2 5 1 9 10 2 1 6 10 0  R10: 0 4 3 9 7 0  		
[167137.0, 247.0, 137.0, 2.0, 10.0, 1018.0, 112.0, 1330.0, 0.525]	167137	247	137	2	10	112	1018	1330	0.525	R1: 0 3 9 2 8 11 8 5 7 5 7 4 3 4 2 8 1 6 8 3 10 4 1 0  R2: 0 6 8 9 10 0  R3: 0 1 3 1 8 0  R4: 0 7 10 0  R5: 0 1 3 7 2 4 0  R6: 0 2 5 11 10 8 6 1 7 6 4 0  R7: 0 7 3 0  R8: 0 5 10 6 5 2 5 1 8 6 1 3 9 5 7 5 10 1 10 2 1 6 10 0  R9: 0 2 9 0  R10: 0 9 2 6 10 9 11 0  		
[145358.0, 339.0, 131.0, 3.0, 7.0, 1088.0, 154.0, 1157.0, 0.3214285714285714]	145358	339	131	3	7	154	1088	1157	0.3214285714285714	R1: 0 5 11 8 1 5 9 10 2 11 5 8 2 6 4 1 5 7 0  R2: 0 3 1 3 2 4 9 0  R3: 0 11 6 4 3 10 0  R4: 0 5 10 6 7 5 1 8 2 5 10 7 3 6 3 4 5 1 10 9 8 3 10 1 7 6 0  R5: 0 8 6 8 1 8 1 7 10 0  R6: 0 2 9 6 4 7 10 1 7 3 6 10 0  R7: 0 9 2 0  		
[160088.0, 205.0, 157.0, 0.0, 9.0, 898.0, 136.0, 1451.0, 0.4444444444444444]	160088	205	157	0	9	136	898	1451	0.4444444444444444	R1: 0 6 8 10 3 6 3 7 10 4 6 10 1 8 1 3 5 0  R2: 0 3 1 3 1 5 1 2 5 11 6 10 9 2 11 6 4 1 2 6 4 8 0  R3: 0 10 6 1 4 0  R4: 0 7 2 9 0  R5: 0 2 5 11 7 9 0  R6: 0 8 1 2 9 0  R7: 0 5 1 7 0  R8: 0 5 10 0  R9: 0 8 1 8 9 1 9 10 4 3 7 9 7 5 7 1 10 7 3 2 6 10 0  		
[155815.0, 192.0, 151.0, 3.0, 6.0, 961.0, 173.0, 1156.0, 0.25]	155815	192	151	3	6	173	961	1156	0.25	R1: 0 10 7 9 10 0  R2: 0 5 9 2 9 6 8 5 7 2 8 0  R3: 0 3 9 1 3 4 5 0  R4: 0 11 6 1 9 8 1 6 10 4 8 1 11 6 10 0  R5: 0 10 5 6 7 11 2 8 9 2 3 6 3 4 5 1 10 2 6 3 10 1 5 7 4 0  R6: 0 8 5 8 2 5 1 4 9 7 10 3 10 6 7 10 8 3 1 0  		
[153469.0, 46.0, 120.0, 3.0, 8.0, 961.0, 144.0, 1096.0, 0.46875]	153469	46	120	3	8	144	961	1096	0.46875	R1: 0 3 5 10 1 4 7 2 3 2 5 10 7 9 11 7 10 6 5 1 10 7 1 8 1 3 4 5 0  R2: 0 11 6 4 3 2 9 8 7 0  R3: 0 1 3 1 8 5 1 8 6 0  R4: 0 8 1 0  R5: 0 2 8 11 7 6 1 6 8 3 6 10 1 10 6 8 3 1 5 10 0  R6: 0 6 4 2 6 0  R7: 0 6 10 0  R8: 0 9 2 5 1 3 4 5 7 0  		
[147935.0, 339.0, 133.0, 3.0, 7.0, 1090.0, 157.0, 1150.0, 0.3571428571428571]	147935	339	133	3	7	157	1090	1150	0.3571428571428571	R1: 0 5 11 8 1 5 9 10 2 11 5 8 2 6 4 1 5 7 0  R2: 0 3 9 1 4 3 2 9 0  R3: 0 11 6 8 2 10 1 9 10 1 7 3 6 10 0  R4: 0 9 7 0  R5: 0 5 10 6 7 5 1 8 2 5 10 7 3 6 3 4 5 1 10 9 8 3 10 1 7 6 0  R6: 0 8 6 8 4 3 7 10 6 4 0  R7: 0 9 2 0  		
[157613.0, 192.0, 143.0, 3.0, 6.0, 975.0, 173.0, 1147.0, 0.25]	157613	192	143	3	6	173	975	1147	0.25	R1: 0 10 7 9 10 0  R2: 0 5 9 2 9 6 8 5 7 2 8 0  R3: 0 3 9 1 3 5 4 0  R4: 0 11 6 1 9 8 1 6 10 4 8 1 11 6 10 0  R5: 0 10 5 6 7 11 2 8 9 2 3 6 3 4 5 1 10 2 6 3 10 1 5 7 4 0  R6: 0 8 5 8 2 5 1 4 9 7 10 3 10 6 7 10 8 3 1 0  		
[156338.0, 211.0, 141.0, 0.0, 8.0, 901.0, 141.0, 1449.0, 0.375]	156338	211	141	0	8	141	901	1449	0.375	R1: 0 6 8 10 3 6 3 7 10 4 6 10 1 8 1 3 5 0  R2: 0 3 1 3 1 5 1 2 5 11 6 10 9 2 11 6 4 1 2 6 4 8 0  R3: 0 10 6 2 5 11 7 9 0  R4: 0 7 2 9 0  R5: 0 8 1 2 9 0  R6: 0 1 5 10 4 0  R7: 0 5 1 7 0  R8: 0 8 1 8 9 1 9 10 4 3 7 9 7 5 7 1 2 7 3 6 10 0  		
[150024.0, 258.0, 138.0, 2.0, 8.0, 1067.0, 140.0, 1149.0, 0.40625]	150024	258	138	2	8	140	1067	1149	0.40625	R1: 0 5 8 1 6 11 5 8 1 6 5 10 1 7 6 4 0  R2: 0 3 1 3 4 9 0  R3: 0 7 10 6 4 0  R4: 0 6 1 6 10 9 7 0  R5: 0 11 2 8 9 2 10 4 3 2 8 6 7 2 3 1 5 6 9 0  R6: 0 5 10 6 7 5 1 8 1 2 5 10 7 3 6 3 4 5 1 9 10 8 3 10 1 7 0  R7: 0 9 11 0  R8: 0 6 10 0  		
[145611.0, 339.0, 131.0, 3.0, 7.0, 1088.0, 156.0, 1155.0, 0.3214285714285714]	145611	339	131	3	7	156	1088	1155	0.3214285714285714	R1: 0 5 11 8 1 5 9 11 2 10 5 8 2 6 4 1 5 7 0  R2: 0 3 1 3 2 4 9 0  R3: 0 11 6 4 3 10 0  R4: 0 5 10 6 7 5 1 8 2 5 10 7 3 6 3 4 5 1 10 9 8 3 10 1 7 6 0  R5: 0 8 6 8 1 8 1 7 10 0  R6: 0 2 9 6 4 7 10 1 7 3 6 10 0  R7: 0 9 2 0  		
[151734.0, 285.0, 141.0, 3.0, 9.0, 1018.0, 151.0, 1171.0, 0.41666666666666663]	151734	285	141	3	9	151	1018	1171	0.41666666666666663	R1: 0 5 11 8 1 5 9 10 2 11 5 8 10 1 7 3 6 10 0  R2: 0 3 1 3 4 9 0  R3: 0 11 6 8 1 10 0  R4: 0 7 10 0  R5: 0 5 10 6 7 5 1 8 2 5 10 7 3 6 3 4 5 1 10 9 8 3 10 1 7 6 0  R6: 0 8 6 8 0  R7: 0 2 9 0  R8: 0 4 3 2 9 6 4 7 2 6 4 1 5 0  R9: 0 9 2 0  		
[151953.0, 28.0, 149.0, 1.0, 8.0, 748.0, 183.0, 1326.0, 0.4375]	151953	28	149	1	8	183	748	1326	0.4375	R1: 0 10 11 7 4 3 6 0  R2: 0 3 9 1 3 5 9 4 6 9 10 6 10 2 9 7 8 0  R3: 0 10 5 10 6 0  R4: 0 8 1 0  R5: 0 7 1 8 5 2 9 2 6 1 3 6 7 10 6 5 4 10 7 3 6 1 10 0  R6: 0 2 5 11 2 9 8 6 7 9 11 8 1 5 1 7 6 2 4 6 1 5 0  R7: 0 5 1 7 0  R8: 0 8 1 8 3 0  		
[162609.0, 91.0, 93.0, 3.0, 7.0, 729.0, 171.0, 1417.0, 0.4642857142857143]	162609	91	93	3	7	171	729	1417	0.4642857142857143	R1: 0 3 9 1 5 3 2 4 9 2 10 7 6 5 10 3 5 7 4 8 1 8 3 0  R2: 0 1 7 2 8 5 1 6 2 9 7 8 0  R3: 0 10 6 5 10 2 11 7 5 8 1 11 6 9 11 2 9 0  R4: 0 8 1 0  R5: 0 10 1 7 3 6 10 0  R6: 0 8 5 1 6 9 6 2 3 6 7 10 1 6 10 4 2 6 3 1 5 10 4 8 0  R7: 0 4 3 0  		
[158501.0, 36.0, 143.0, 0.0, 7.0, 899.0, 196.0, 1216.0, 0.3928571428571429]	158501	36	143	0	7	196	899	1216	0.3928571428571429	R1: 0 3 5 9 10 5 2 9 6 9 6 10 9 2 11 9 8 6 4 8 1 3 5 0  R2: 0 1 3 2 11 7 8 1 10 7 5 1 7 8 9 1 5 1 2 6 7 0  R3: 0 5 7 0  R4: 0 10 1 3 4 6 0  R5: 0 7 1 8 5 2 9 2 6 1 3 6 7 10 6 5 4 10 7 3 6 1 10 0  R6: 0 8 6 11 6 4 3 0  R7: 0 8 1 0  		
[160893.0, 233.0, 84.0, 1.0, 6.0, 1197.0, 104.0, 1201.0, 0.29166666666666663]	160893	233	84	1	6	104	1197	1201	0.29166666666666663	R1: 0 1 3 5 2 9 5 1 9 6 1 9 3 2 10 6 11 8 1 8 3 9 4 0  R2: 0 10 6 1 7 3 2 8 9 10 6 10 4 9 7 0  R3: 0 11 8 1 2 5 7 4 2 5 8 1 7 10 6 3 6 10 1 4 0  R4: 0 8 1 0  R5: 0 5 2 5 1 8 9 6 10 11 7 3 7 10 5 1 6 7 3 1 5 8 0  R6: 0 2 6 0  		
[158518.0, 309.0, 128.0, 4.0, 7.0, 1173.0, 149.0, 1100.0, 0.3928571428571429]	158518	309	128	4	7	149	1173	1100	0.3928571428571429	R1: 0 6 9 6 8 2 1 10 8 0  R2: 0 10 1 6 8 1 3 9 10 7 8 3 1 10 6 10 2 4 3 10 6 1 10 0  R3: 0 7 5 1 8 9 8 5 1 3 7 2 6 5 1 6 9 8 3 4 10 0  R4: 0 2 5 2 9 0  R5: 0 11 7 5 1 2 5 11 6 9 11 0  R6: 0 8 7 3 1 5 0  R7: 0 4 3 9 7 5 7 0  		
[159648.0, 31.0, 151.0, 3.0, 10.0, 730.0, 164.0, 1334.0, 0.55]	159648	31	151	3	10	164	730	1334	0.55	R1: 0 3 9 1 4 3 5 2 9 6 10 7 6 10 2 9 2 9 8 6 4 8 3 7 0  R2: 0 11 6 4 3 0  R3: 0 10 6 5 10 0  R4: 0 7 1 8 5 2 9 2 6 1 3 6 7 10 6 5 4 10 7 3 6 1 10 0  R5: 0 1 5 0  R6: 0 2 5 9 0  R7: 0 11 8 1 7 8 6 9 11 5 7 5 1 0  R8: 0 8 1 0  R9: 0 2 6 0  R10: 0 8 1 0  		
[146183.0, 89.0, 160.0, 2.0, 7.0, 862.0, 175.0, 1278.0, 0.4642857142857143]	146183	89	160	2	7	175	862	1278	0.4642857142857143	R1: 0 10 7 4 3 0  R2: 0 3 9 1 3 2 9 4 6 9 6 10 9 2 11 8 5 2 6 8 3 4 0  R3: 0 10 6 2 5 9 8 1 8 6 11 5 7 8 1 5 7 1 10 1 8 1 6 0  R4: 0 9 7 0  R5: 0 7 1 8 5 2 9 2 6 1 3 7 10 6 5 4 7 3 6 1 10 5 0  R6: 0 11 7 0  R7: 0 5 10 0  		
[150414.0, 27.0, 144.0, 3.0, 7.0, 770.0, 179.0, 1267.0, 0.2857142857142857]	150414	27	144	3	7	179	770	1267	0.2857142857142857	R1: 0 9 11 10 8 1 9 7 5 1 7 6 0  R2: 0 3 9 5 10 5 9 2 9 6 10 7 6 9 2 11 8 10 8 1 8 3 0  R3: 0 1 3 5 0  R4: 0 10 1 3 4 6 0  R5: 0 7 1 8 5 2 9 2 6 1 3 6 7 10 6 5 4 10 7 3 6 1 10 0  R6: 0 2 5 11 8 1 7 8 6 4 3 0  R7: 0 6 2 4 6 1 5 0  		
[170558.0, 186.0, 132.0, 2.0, 9.0, 1149.0, 154.0, 1099.0, 0.4444444444444444]	170558	186	132	2	9	154	1149	1099	0.4444444444444444	R1: 0 9 6 1 10 2 9 5 1 7 0  R2: 0 3 10 5 10 2 8 9 2 1 10 7 3 6 7 10 6 4 8 3 1 10 5 0  R3: 0 8 3 0  R4: 0 11 6 0  R5: 0 1 5 1 4 1 8 1 8 9 2 9 3 2 4 8 11 10 2 1 6 0  R6: 0 7 2 0  R7: 0 11 5 1 6 8 5 1 7 0  R8: 0 2 9 0  R9: 0 4 8 1 9 7 3 7 6 4 3 6 10 0  		
[148226.0, 225.0, 162.0, 1.0, 6.0, 1058.0, 196.0, 1240.0, 0.41666666666666663]	148226	225	162	1	6	196	1058	1240	0.41666666666666663	R1: 0 9 5 1 7 8 1 10 5 1 10 8 3 1 0  R2: 0 3 9 1 3 5 2 9 6 2 11 6 10 9 4 7 10 6 8 7 3 5 6 11 10 4 0  R3: 0 10 6 0  R4: 0 7 1 8 5 1 9 6 10 7 3 2 6 10 1 9 2 6 3 4 1 5 10 8 0  R5: 0 2 5 11 7 8 1 8 6 4 3 9 7 5 7 0  R6: 0 3 4 0  		
[146998.0, 28.0, 151.0, 3.0, 7.0, 753.0, 164.0, 1299.0, 0.4642857142857143]	146998	28	151	3	7	164	753	1299	0.4642857142857143	R1: 0 10 11 7 4 3 6 0  R2: 0 3 9 1 3 5 9 4 6 9 10 6 10 2 9 7 8 0  R3: 0 10 6 5 10 0  R4: 0 8 1 0  R5: 0 7 1 8 5 2 9 2 6 1 3 6 7 10 6 5 4 10 7 3 6 1 10 0  R6: 0 2 5 11 2 9 8 6 7 9 8 1 5 7 5 1 11 6 2 4 6 1 5 0  R7: 0 8 1 8 3 0  		
[162755.0, 87.0, 156.0, 2.0, 8.0, 1008.0, 149.0, 1194.0, 0.34375]	162755	87	156	2	8	149	1008	1194	0.34375	R1: 0 6 8 5 6 3 6 9 7 6 10 1 10 2 1 4 6 5 0  R2: 0 3 1 3 8 1 5 9 10 7 0  R3: 0 10 6 0  R4: 0 2 7 2 9 8 1 9 10 5 0  R5: 0 11 7 5 1 2 6 1 9 8 1 5 7 5 1 11 6 8 1 3 4 0  R6: 0 1 5 10 1 4 8 0  R7: 0 6 10 0  R8: 0 9 11 2 4 3 2 3 8 9 7 3 6 3 10 4 0  		
[164177.0, 99.0, 115.0, 0.0, 7.0, 907.0, 187.0, 1314.0, 0.25]	164177	99	115	0	7	187	907	1314	0.25	R1: 0 6 2 6 5 7 1 2 7 6 4 10 6 2 8 1 5 3 6 0  R2: 0 3 1 3 5 8 1 9 8 6 0  R3: 0 11 6 9 10 9 7 5 1 7 11 6 7 3 4 6 10 0  R4: 0 10 5 10 1 4 7 5 1 2 6 0  R5: 0 2 1 2 8 9 5 9 10 8 1 0  R6: 0 11 7 8 9 1 10 7 4 3 2 4 9 6 8 1 3 10 0  R7: 0 10 1 0  		
[161001.0, 129.0, 146.0, 0.0, 7.0, 988.0, 169.0, 1262.0, 0.3928571428571429]	161001	129	146	0	7	169	988	1262	0.3928571428571429	R1: 0 6 8 0  R2: 0 3 9 1 3 4 0  R3: 0 11 6 5 7 3 4 1 0  R4: 0 1 3 5 2 9 5 1 2 10 7 8 1 7 9 7 10 6 5 8 1 8 3 0  R5: 0 10 6 5 2 1 8 5 9 1 6 1 4 3 10 5 7 1 2 7 3 1 6 10 5 0  R6: 0 7 11 2 8 6 9 11 2 10 6 4 7 6 4 2 9 6 10 8 0  R7: 0 10 1 0  		
[169898.0, 57.0, 95.0, 2.0, 8.0, 930.0, 122.0, 1205.0, 0.46875]	169898	57	95	2	8	122	930	1205	0.46875	R1: 0 3 10 5 10 2 8 9 8 1 10 7 3 6 2 8 9 7 3 1 6 10 5 0  R2: 0 11 6 0  R3: 0 1 3 5 9 8 1 6 8 6 10 3 4 5 7 0  R4: 0 1 4 11 3 5 1 9 2 6 1 7 0  R5: 0 7 1 2 9 2 8 9 5 9 11 7 5 1 2 8 3 6 0  R6: 0 5 1 7 0  R7: 0 6 4 0  R8: 0 4 8 7 1 10 6 4 10 1 3 10 0  		
