[159451.0, 189.0, 169.0, 2.0, 6.0, 999.0, 135.0, 1316.0, 0.29166666666666663]	159451	189	169	2	6	135	999	1316	0.29166666666666663	R1: 0 3 9 0  R2: 0 10 1 5 3 2 9 8 10 7 5 7 1 6 2 9 7 8 10 1 3 10 6 10 0  R3: 0 11 5 1 2 6 7 8 4 3 6 5 7 10 6 4 7 3 0  R4: 0 1 5 1 9 8 1 4 11 6 10 8 1 0  R5: 0 5 2 7 8 5 1 9 6 1 9 11 7 2 6 4 10 8 1 8 1 5 3 9 0  R6: 0 6 2 6 4 0  		
[166958.0, 232.0, 164.0, 1.0, 7.0, 1017.0, 126.0, 1334.0, 0.3571428571428571]	166958	232	164	1	7	126	1017	1334	0.3571428571428571	R1: 0 9 10 0  R2: 0 5 2 9 8 1 10 7 5 7 1 2 9 7 8 0  R3: 0 3 10 1 6 1 9 3 8 11 6 10 8 1 4 5 1 0  R4: 0 1 3 0  R5: 0 11 5 1 2 6 7 8 4 3 6 5 7 10 6 4 2 6 3 10 6 10 4 0  R6: 0 10 7 1 3 0  R7: 0 5 2 7 8 5 1 9 6 1 9 11 7 2 6 4 10 8 1 8 1 5 3 9 0  		
[166662.0, 158.0, 149.0, 3.0, 9.0, 938.0, 111.0, 1284.0, 0.38888888888888884]	166662	158	149	3	9	111	938	1284	0.38888888888888884	R1: 0 9 10 0  R2: 0 5 1 2 9 8 10 6 10 8 1 7 0  R3: 0 3 10 6 1 9 5 1 4 8 11 6 0  R4: 0 1 3 0  R5: 0 11 8 2 6 8 7 5 7 1 3 10 6 4 8 7 3 6 10 1 0  R6: 0 5 1 0  R7: 0 5 2 7 8 5 1 9 6 1 9 11 7 10 5 7 2 1 3 1 5 10 0  R8: 0 6 2 6 4 0  R9: 0 4 3 2 9 6 8 10 1 7 0  		
[161096.0, 197.0, 107.0, 2.0, 7.0, 1021.0, 125.0, 1269.0, 0.3571428571428571]	161096	197	107	2	7	125	1021	1269	0.3571428571428571	R1: 0 9 10 0  R2: 0 10 1 5 3 2 9 8 10 7 5 7 1 2 6 8 0  R3: 0 11 5 1 2 6 7 8 4 3 6 5 7 10 6 4 7 3 0  R4: 0 1 5 1 9 8 1 4 11 6 10 8 9 7 1 0  R5: 0 10 1 3 10 6 10 0  R6: 0 5 2 7 8 5 1 9 6 1 9 11 7 2 6 4 10 8 1 8 1 5 3 9 0  R7: 0 6 2 6 4 0  		
[170016.0, 461.0, 141.0, 4.0, 8.0, 1221.0, 106.0, 1310.0, 0.34375]	170016	461	141	4	8	106	1221	1310	0.34375	R1: 0 9 10 0  R2: 0 5 1 5 1 2 5 10 7 6 10 3 8 9 4 2 6 8 3 0  R3: 0 11 6 4 3 2 9 7 8 0  R4: 0 1 10 6 5 3 8 1 0  R5: 0 1 3 4 0  R6: 0 11 2 8 6 7 3 8 6 10 1 4 6 4 3 10 6 10 9 0  R7: 0 10 1 8 1 0  R8: 0 5 2 7 8 5 1 9 6 1 9 11 7 2 5 1 9 7 3 1 5 10 0  		
[177099.0, 155.0, 149.0, 0.0, 12.0, 950.0, 95.0, 1385.0, 0.41666666666666663]	177099	155	149	0	12	95	950	1385	0.41666666666666663	R1: 0 9 10 0  R2: 0 5 1 2 9 8 0  R3: 0 3 9 0  R4: 0 11 6 10 8 1 0  R5: 0 10 1 3 6 5 1 0  R6: 0 11 8 2 6 7 10 8 7 1 5 6 10 4 6 10 8 3 1 0  R7: 0 1 4 0  R8: 0 5 1 7 3 4 0  R9: 0 5 2 7 8 5 1 9 6 1 9 11 7 10 5 7 2 1 3 1 5 10 0  R10: 0 6 2 6 4 6 10 0  R11: 0 8 6 0  R12: 0 4 3 2 9 7 6 8 7 3 0  		
[175598.0, 163.0, 144.0, 1.0, 10.0, 933.0, 116.0, 1341.0, 0.4]	175598	163	144	1	10	116	933	1341	0.4	R1: 0 9 10 0  R2: 0 5 1 9 5 1 8 10 7 6 10 3 4 0  R3: 0 3 10 6 1 9 2 9 4 0  R4: 0 11 6 5 1 7 0  R5: 0 1 3 0  R6: 0 1 3 0  R7: 0 11 8 2 6 8 7 8 1 5 6 10 4 6 7 3 0  R8: 0 5 2 7 8 5 1 9 6 1 9 11 7 10 5 7 2 1 3 1 5 10 0  R9: 0 6 8 1 3 4 0  R10: 0 4 3 2 9 7 6 8 10 2 1 6 10 0  		
[162698.0, 247.0, 157.0, 1.0, 7.0, 1080.0, 150.0, 1309.0, 0.3214285714285714]	162698	247	157	1	7	150	1080	1309	0.3214285714285714	R1: 0 9 10 4 3 2 8 0  R2: 0 3 9 1 5 3 2 9 8 10 7 3 6 3 2 9 4 7 8 1 3 0  R3: 0 11 5 6 10 1 7 0  R4: 0 10 6 0  R5: 0 1 5 1 8 0  R6: 0 11 8 2 6 8 7 8 1 9 7 10 6 4 5 6 10 2 1 6 10 4 0  R7: 0 5 2 7 8 5 1 9 6 1 9 11 7 10 5 7 2 1 3 1 5 10 0  		
[177743.0, 180.0, 144.0, 1.0, 9.0, 1009.0, 123.0, 1282.0, 0.38888888888888884]	177743	180	144	1	9	123	1009	1282	0.38888888888888884	R1: 0 9 10 6 10 2 9 7 8 0  R2: 0 5 2 9 5 1 8 10 7 6 3 2 9 4 0  R3: 0 3 10 1 6 1 9 3 4 8 11 6 5 1 8 1 7 0  R4: 0 1 3 0  R5: 0 11 8 2 6 8 7 3 6 1 10 6 4 7 5 8 3 1 0  R6: 0 10 6 1 4 6 10 0  R7: 0 5 2 7 8 5 1 9 6 1 9 11 7 10 5 7 2 1 3 1 5 10 0  R8: 0 2 6 0  R9: 0 4 3 0  		
[168820.0, 161.0, 169.0, 2.0, 9.0, 852.0, 123.0, 1439.0, 0.4722222222222222]	168820	161	169	2	9	123	852	1439	0.4722222222222222	R1: 0 9 10 0  R2: 0 5 2 9 8 1 10 7 5 7 1 2 9 7 8 0  R3: 0 3 9 0  R4: 0 11 6 10 8 1 0  R5: 0 1 5 3 1 8 0  R6: 0 10 6 1 3 4 0  R7: 0 11 5 1 2 6 7 8 4 3 6 5 7 10 6 4 7 10 1 3 10 0  R8: 0 5 2 7 8 5 1 9 6 1 9 11 7 2 6 4 10 8 1 8 1 5 3 9 0  R9: 0 6 2 6 4 6 10 0  		
[164672.0, 236.0, 149.0, 2.0, 9.0, 1034.0, 105.0, 1370.0, 0.5]	164672	236	149	2	9	105	1034	1370	0.5	R1: 0 3 1 5 7 2 3 8 1 11 6 10 8 9 7 6 4 10 6 10 6 4 1 6 10 0  R2: 0 5 1 9 8 2 5 10 7 3 6 3 2 9 4 8 1 3 10 0  R3: 0 10 6 0  R4: 0 11 7 0  R5: 0 1 4 0  R6: 0 5 7 1 2 8 0  R7: 0 5 2 8 5 1 6 9 2 9 11 7 8 5 1 7 3 1 5 10 0  R8: 0 2 6 8 3 0  R9: 0 4 3 0  		
[174152.0, 287.0, 176.0, 0.0, 9.0, 1097.0, 142.0, 1364.0, 0.36111111111111116]	174152	287	176	0	9	142	1097	1364	0.36111111111111116	R1: 0 5 1 5 1 9 8 9 11 6 10 2 3 4 8 0  R2: 0 3 9 0  R3: 0 1 5 3 0  R4: 0 10 6 1 3 4 0  R5: 0 8 1 6 2 5 7 1 8 9 7 1 6 4 0  R6: 0 11 2 8 7 10 6 4 3 7 10 2 10 9 7 3 6 3 10 0  R7: 0 5 2 7 8 5 1 9 6 1 9 11 7 10 5 1 2 8 1 6 1 5 10 7 3 0  R8: 0 6 10 1 4 0  R9: 0 2 6 0  		
[169439.0, 196.0, 169.0, 2.0, 8.0, 989.0, 119.0, 1314.0, 0.40625]	169439	196	169	2	8	119	989	1314	0.40625	R1: 0 5 2 9 8 1 6 5 7 1 3 2 6 8 10 1 3 10 6 10 0  R2: 0 3 9 0  R3: 0 11 6 4 3 9 7 5 7 0  R4: 0 10 1 6 1 3 8 4 9 10 0  R5: 0 11 5 7 2 5 10 6 7 8 3 4 1 10 6 7 3 0  R6: 0 5 2 7 8 5 1 9 6 1 9 11 7 2 6 4 10 8 1 8 1 5 3 9 0  R7: 0 8 6 0  R8: 0 2 6 4 0  		
[165327.0, 306.0, 141.0, 0.0, 8.0, 1119.0, 158.0, 1344.0, 0.375]	165327	306	141	0	8	158	1119	1344	0.375	R1: 0 5 2 5 9 1 2 10 7 5 7 8 9 7 10 6 1 6 2 6 4 6 10 0  R2: 0 3 10 1 6 11 7 9 8 1 9 10 3 2 8 4 0  R3: 0 1 5 3 1 8 0  R4: 0 6 10 0  R5: 0 7 10 3 10 1 0  R6: 0 5 2 7 8 1 6 8 6 1 9 11 7 5 2 10 8 1 8 1 5 7 3 0  R7: 0 2 9 0  R8: 0 9 11 2 4 6 3 6 4 5 1 0  		
[154087.0, 224.0, 134.0, 3.0, 6.0, 1053.0, 143.0, 1038.0, 0.20833333333333337]	154087	224	134	3	6	143	1053	1038	0.20833333333333337	R1: 0 9 10 4 3 0  R2: 0 5 1 9 8 2 1 6 3 10 3 2 6 5 9 10 1 4 0  R3: 0 11 6 5 7 1 2 9 7 8 2 6 0  R4: 0 10 1 3 6 4 0  R5: 0 11 2 8 6 10 7 8 1 5 7 10 6 9 6 4 3 10 6 10 0  R6: 0 5 2 7 8 5 1 9 6 1 9 11 7 10 6 5 2 7 1 8 1 5 4 3 0  		
[166307.0, 83.0, 159.0, 2.0, 9.0, 789.0, 166.0, 1369.0, 0.5]	166307	83	159	2	9	166	789	1369	0.5	R1: 0 3 9 0  R2: 0 5 9 0  R3: 0 11 6 1 0  R4: 0 1 5 3 1 8 0  R5: 0 2 7 2 9 8 6 5 1 9 11 7 10 5 1 7 8 2 3 1 5 6 10 0  R6: 0 11 8 1 2 7 10 7 8 1 5 6 4 10 6 10 7 3 1 0  R7: 0 5 10 1 3 6 5 1 8 9 2 6 10 3 4 0  R8: 0 6 10 0  R9: 0 4 3 2 9 7 6 8 6 8 3 1 4 0  		
[168066.0, 189.0, 150.0, 3.0, 9.0, 932.0, 94.0, 1403.0, 0.33333333333333337]	168066	189	150	3	9	94	932	1403	0.33333333333333337	R1: 0 5 1 2 9 8 10 7 6 10 3 4 0  R2: 0 3 1 5 9 5 1 3 9 11 6 10 0  R3: 0 10 6 0  R4: 0 11 8 2 6 8 7 8 1 5 6 10 4 6 7 3 0  R5: 0 1 4 0  R6: 0 5 2 7 8 5 1 9 6 1 9 11 7 10 5 7 2 1 3 1 5 10 0  R7: 0 6 2 6 4 6 10 0  R8: 0 4 3 2 9 7 6 8 10 1 8 3 0  R9: 0 8 1 0  		
[159912.0, 166.0, 155.0, 3.0, 6.0, 1092.0, 136.0, 1143.0, 0.20833333333333337]	159912	166	155	3	6	136	1092	1143	0.20833333333333337	R1: 0 5 2 5 9 1 6 2 9 10 5 9 7 6 8 10 1 4 0  R2: 0 3 10 1 6 1 9 3 8 5 7 1 9 11 4 0  R3: 0 1 3 0  R4: 0 11 8 7 8 11 6 10 1 3 7 10 4 6 8 1 3 10 0  R5: 0 5 2 7 8 5 1 9 6 10 7 4 3 2 9 5 1 8 7 2 1 5 6 3 0  R6: 0 6 8 6 10 3 4 0  		
[167177.0, 157.0, 149.0, 3.0, 10.0, 870.0, 110.0, 1374.0, 0.4]	167177	157	149	3	10	110	870	1374	0.4	R1: 0 9 10 0  R2: 0 5 1 2 9 8 10 7 6 10 3 4 0  R3: 0 3 9 0  R4: 0 10 1 5 6 3 5 1 8 6 11 6 0  R5: 0 11 8 2 6 8 7 8 1 5 6 10 4 6 7 3 0  R6: 0 1 4 0  R7: 0 5 2 7 8 5 1 9 6 1 9 11 7 10 5 7 2 1 3 1 5 10 0  R8: 0 2 6 4 0  R9: 0 6 10 0  R10: 0 4 3 2 9 7 6 8 10 1 8 3 0  		
[174608.0, 157.0, 149.0, 3.0, 11.0, 878.0, 84.0, 1420.0, 0.40909090909090906]	174608	157	149	3	11	84	878	1420	0.40909090909090906	R1: 0 9 10 0  R2: 0 5 1 2 9 8 10 7 6 10 3 4 0  R3: 0 3 9 0  R4: 0 11 6 0  R5: 0 1 10 6 5 3 5 1 0  R6: 0 1 3 4 0  R7: 0 11 8 2 6 8 7 8 1 5 6 10 4 6 7 3 0  R8: 0 5 2 7 8 5 1 9 6 1 9 11 7 10 5 7 2 1 3 1 5 10 0  R9: 0 6 2 6 4 6 10 0  R10: 0 4 3 2 9 7 6 8 10 1 8 3 0  R11: 0 8 1 0  		
[157182.0, 275.0, 160.0, 5.0, 7.0, 1107.0, 108.0, 1181.0, 0.3571428571428571]	157182	275	160	5	7	108	1107	1181	0.3571428571428571	R1: 0 3 1 5 3 11 8 2 7 6 10 8 5 1 6 4 10 8 6 1 6 10 9 0  R2: 0 8 3 0  R3: 0 11 10 7 3 6 4 0  R4: 0 10 6 0  R5: 0 1 5 1 9 8 4 6 9 10 8 9 7 0  R6: 0 5 2 7 8 5 1 9 6 1 9 11 7 2 5 1 10 7 3 1 5 10 9 0  R7: 0 4 3 6 2 5 7 8 6 2 6 4 0  		
[180930.0, 168.0, 149.0, 1.0, 10.0, 921.0, 120.0, 1337.0, 0.42500000000000004]	180930	168	149	1	10	120	921	1337	0.42500000000000004	R1: 0 9 10 0  R2: 0 5 2 9 5 1 8 10 7 6 3 10 4 0  R3: 0 3 9 0  R4: 0 11 6 5 1 2 8 7 0  R5: 0 1 3 1 8 0  R6: 0 10 6 1 3 4 0  R7: 0 11 8 2 6 8 7 8 1 5 6 10 4 6 7 3 0  R8: 0 5 2 7 8 5 1 9 6 1 9 11 7 10 5 7 2 1 3 1 5 10 0  R9: 0 6 2 6 4 6 10 0  R10: 0 4 3 9 2 9 7 6 10 1 8 3 1 0  		
[172417.0, 194.0, 128.0, 3.0, 10.0, 984.0, 85.0, 1357.0, 0.44999999999999996]	172417	194	128	3	10	85	984	1357	0.44999999999999996	R1: 0 9 10 0  R2: 0 3 10 9 5 2 6 9 8 10 7 3 4 3 2 6 8 10 1 4 0  R3: 0 11 6 10 0  R4: 0 1 5 1 3 5 1 4 0  R5: 0 1 8 0  R6: 0 9 7 2 9 0  R7: 0 11 8 2 6 8 7 8 1 5 6 10 6 4 7 3 0  R8: 0 5 2 7 8 5 1 9 6 1 9 11 7 10 5 7 2 1 3 1 5 10 0  R9: 0 6 2 6 4 6 10 0  R10: 0 8 1 0  		
[161703.0, 242.0, 148.0, 3.0, 8.0, 1112.0, 119.0, 1171.0, 0.4375]	161703	242	148	3	8	119	1112	1171	0.4375	R1: 0 3 1 5 1 8 3 8 11 10 7 8 6 5 10 9 1 10 8 1 3 6 0  R2: 0 5 2 9 8 1 6 9 10 2 9 7 8 0  R3: 0 10 6 1 4 0  R4: 0 6 10 3 6 3 2 9 4 0  R5: 0 11 7 5 1 0  R6: 0 7 6 4 3 6 10 0  R7: 0 5 2 7 8 5 1 9 6 2 9 11 7 5 7 6 1 2 10 3 1 5 10 6 4 0  R8: 0 4 3 0  		
[166521.0, 186.0, 164.0, 3.0, 8.0, 1068.0, 99.0, 1291.0, 0.40625]	166521	186	164	3	8	99	1068	1291	0.40625	R1: 0 5 2 9 5 1 6 10 7 3 2 9 7 6 10 6 8 6 4 0  R2: 0 3 9 0  R3: 0 11 6 10 0  R4: 0 1 10 6 1 5 3 8 9 10 6 3 4 0  R5: 0 1 3 4 0  R6: 0 11 8 1 2 7 4 8 3 6 4 5 1 8 1 8 6 3 10 0  R7: 0 5 2 7 8 5 1 9 6 1 9 11 7 2 5 1 10 7 3 1 5 9 10 0  R8: 0 2 6 0  		
[149904.0, 395.0, 97.0, 2.0, 5.0, 1263.0, 161.0, 1167.0, 0.30000000000000004]	149904	395	97	2	5	161	1263	1167	0.30000000000000004	R1: 0 9 10 0  R2: 0 3 1 5 3 11 8 6 8 7 8 6 2 1 6 4 6 4 2 6 9 8 0  R3: 0 11 6 10 4 3 9 7 5 7 0  R4: 0 10 1 5 6 1 9 8 2 10 7 5 7 3 6 1 10 6 4 8 3 6 10 1 0  R5: 0 5 2 7 8 5 1 9 6 1 9 11 7 2 5 1 10 7 3 1 5 10 9 0  		
[169817.0, 176.0, 169.0, 1.0, 9.0, 920.0, 161.0, 1387.0, 0.4444444444444444]	169817	176	169	1	9	161	920	1387	0.4444444444444444	R1: 0 5 2 9 8 2 10 7 5 7 1 2 9 7 8 0  R2: 0 3 9 0  R3: 0 10 1 3 1 6 5 8 9 10 11 6 8 1 0  R4: 0 11 5 1 7 6 8 6 10 4 3 5 7 10 6 4 7 3 0  R5: 0 1 4 0  R6: 0 10 6 1 3 10 4 0  R7: 0 5 2 7 8 5 1 9 6 1 9 11 7 2 6 4 10 8 1 8 1 5 3 9 0  R8: 0 6 10 0  R9: 0 2 6 0  		
[168176.0, 150.0, 158.0, 2.0, 9.0, 908.0, 132.0, 1235.0, 0.4444444444444444]	168176	150	158	2	9	132	908	1235	0.4444444444444444	R1: 0 5 7 1 2 9 8 10 5 3 7 10 5 1 6 7 3 0  R2: 0 3 9 0  R3: 0 11 6 10 4 2 3 4 8 0  R4: 0 10 1 6 5 3 8 1 0  R5: 0 11 2 9 8 6 1 7 8 1 2 10 6 4 9 6 4 0  R6: 0 1 4 0  R7: 0 5 2 8 5 1 6 9 8 9 11 9 7 5 2 10 1 3 1 5 10 7 0  R8: 0 6 10 0  R9: 0 2 6 8 3 0  		
[172968.0, 170.0, 169.0, 2.0, 9.0, 922.0, 107.0, 1409.0, 0.4444444444444444]	172968	170	169	2	9	107	922	1409	0.4444444444444444	R1: 0 9 10 0  R2: 0 5 2 9 8 1 10 7 5 7 1 2 9 7 8 0  R3: 0 3 9 0  R4: 0 1 10 6 1 5 3 8 11 6 8 1 0  R5: 0 1 3 4 0  R6: 0 6 10 3 6 0  R7: 0 11 5 1 2 6 7 8 4 5 3 10 6 4 7 10 1 3 10 0  R8: 0 5 2 7 8 5 1 9 6 1 9 11 7 2 6 4 10 8 1 8 1 5 3 9 0  R9: 0 6 2 6 4 6 10 0  		
[161922.0, 162.0, 139.0, 2.0, 7.0, 1149.0, 125.0, 1117.0, 0.2857142857142857]	161922	162	139	2	7	125	1149	1117	0.2857142857142857	R1: 0 9 10 4 3 0  R2: 0 11 6 5 7 2 9 7 1 8 0  R3: 0 1 3 5 1 5 1 9 8 10 7 6 8 3 10 1 6 8 1 3 4 0  R4: 0 10 1 6 3 4 0  R5: 0 11 8 2 6 1 6 7 3 8 6 4 5 10 2 6 4 6 10 0  R6: 0 5 2 7 8 5 1 9 6 1 9 11 7 2 5 1 10 7 3 1 5 10 9 0  R7: 0 2 9 0  		
[162102.0, 167.0, 122.0, 2.0, 7.0, 1041.0, 149.0, 1209.0, 0.2142857142857143]	162102	167	122	2	7	149	1041	1209	0.2142857142857143	R1: 0 3 9 1 4 5 1 8 9 0  R2: 0 2 3 9 7 8 6 4 8 3 0  R3: 0 10 1 6 3 2 5 1 9 11 6 0  R4: 0 11 8 1 2 7 10 8 1 7 5 7 5 1 0  R5: 0 3 10 0  R6: 0 5 2 7 8 5 1 9 6 1 9 11 7 2 6 10 6 7 3 1 5 4 9 0  R7: 0 8 6 5 6 10 4 3 7 1 6 8 10 2 1 6 10 0  		
[189196.0, 158.0, 173.0, 0.0, 14.0, 888.0, 119.0, 1455.0, 0.5535714285714286]	189196	158	173	0	14	119	888	1455	0.5535714285714286	R1: 0 1 10 6 1 8 5 1 3 9 10 0  R2: 0 1 3 4 0  R3: 0 3 4 0  R4: 0 5 2 5 10 9 0  R5: 0 8 6 0  R6: 0 9 2 0  R7: 0 10 7 0  R8: 0 3 9 0  R9: 0 11 6 10 0  R10: 0 7 2 9 8 6 1 5 7 9 11 7 1 5 1 2 10 3 1 5 8 10 6 0  R11: 0 6 4 0  R12: 0 11 5 1 7 2 6 1 3 8 5 7 10 1 7 3 6 0  R13: 0 6 4 0  R14: 0 4 3 2 9 7 8 10 1 8 1 6 10 3 0  		
[156734.0, 205.0, 72.0, 4.0, 6.0, 1031.0, 114.0, 1205.0, 0.20833333333333337]	156734	205	72	4	6	114	1031	1205	0.20833333333333337	R1: 0 10 1 5 3 2 9 8 10 7 6 10 3 2 9 8 4 10 1 8 6 10 3 0  R2: 0 11 8 2 6 8 7 8 1 5 6 10 4 6 7 3 0  R3: 0 1 5 1 9 5 1 4 9 11 6 10 8 0  R4: 0 5 2 7 8 5 1 9 6 1 9 11 7 10 5 7 2 1 3 1 5 10 0  R5: 0 6 2 6 4 0  R6: 0 4 3 9 7 6 0  		
[178865.0, 169.0, 169.0, 0.0, 10.0, 917.0, 111.0, 1451.0, 0.475]	178865	169	169	0	10	111	917	1451	0.475	R1: 0 9 10 8 1 0  R2: 0 3 9 0  R3: 0 1 3 5 2 9 8 1 10 7 5 7 1 2 9 7 8 0  R4: 0 10 1 4 6 1 3 8 11 6 10 4 3 0  R5: 0 5 1 0  R6: 0 11 5 1 2 6 7 8 3 6 5 7 10 6 0  R7: 0 7 10 6 1 6 10 4 3 0  R8: 0 3 4 0  R9: 0 5 2 7 8 5 1 9 6 1 9 11 7 2 6 4 10 8 1 8 1 5 3 9 0  R10: 0 2 6 3 10 0  		
