[155553.0, 309.0, 165.0, 3.0, 7.0, 1165.0, 127.0, 1152.0, 0.3571428571428571]	155553	309	165	3	7	127	1165	1152	0.3571428571428571	R1: 0 10 7 0  R2: 0 6 9 5 7 10 2 5 7 1 10 6 2 6 4 8 0  R3: 0 3 9 1 5 9 1 3 8 6 11 6 10 3 6 4 6 4 0  R4: 0 10 6 0  R5: 0 11 8 1 2 7 4 8 3 1 5 8 1 8 6 3 10 0  R6: 0 5 2 7 8 5 1 9 6 1 9 11 7 2 5 1 10 7 3 1 5 9 10 0  R7: 0 2 9 0  		
[171751.0, 150.0, 160.0, 1.0, 9.0, 1036.0, 129.0, 1244.0, 0.38888888888888884]	171751	150	160	1	9	129	1036	1244	0.38888888888888884	R1: 0 9 10 4 3 9 7 0  R2: 0 5 2 5 9 8 10 7 6 10 2 1 8 0  R3: 0 3 9 0  R4: 0 11 5 7 3 1 6 4 0  R5: 0 1 5 3 1 8 0  R6: 0 10 6 1 3 4 0  R7: 0 11 8 1 2 6 8 7 8 1 5 7 1 10 6 4 3 6 10 1 0  R8: 0 5 2 7 8 5 1 9 6 1 9 11 7 2 6 10 6 7 3 1 5 4 9 0  R9: 0 2 6 8 3 0  		
[161687.0, 169.0, 122.0, 3.0, 8.0, 1031.0, 132.0, 1113.0, 0.28125]	161687	169	122	3	8	132	1031	1113	0.28125	R1: 0 3 1 9 5 9 1 8 4 0  R2: 0 11 6 0  R3: 0 2 3 9 7 8 6 4 8 3 0  R4: 0 10 1 6 3 2 9 5 0  R5: 0 11 8 1 2 7 10 8 1 7 5 7 5 1 0  R6: 0 3 10 0  R7: 0 5 2 7 8 5 1 9 6 1 9 11 7 2 6 10 6 7 3 1 5 4 9 0  R8: 0 8 6 5 6 10 4 3 7 1 6 8 10 2 1 6 10 0  		
[155575.0, 251.0, 165.0, 3.0, 7.0, 1107.0, 127.0, 1152.0, 0.3571428571428571]	155575	251	165	3	7	127	1107	1152	0.3571428571428571	R1: 0 10 7 0  R2: 0 6 9 5 7 10 2 5 7 1 10 6 2 6 4 8 0  R3: 0 3 9 1 5 9 1 3 4 8 6 11 6 10 3 6 4 6 4 0  R4: 0 10 6 0  R5: 0 11 8 1 2 7 4 8 3 1 5 8 1 8 6 3 10 0  R6: 0 5 2 7 8 5 1 9 6 1 9 11 7 2 5 1 10 7 3 1 5 9 10 0  R7: 0 2 9 0  		
[160581.0, 309.0, 165.0, 6.0, 10.0, 1145.0, 100.0, 1098.0, 0.475]	160581	309	165	6	10	100	1145	1098	0.475	R1: 0 6 8 0  R2: 0 2 9 7 8 0  R3: 0 11 6 0  R4: 0 1 5 1 5 3 9 2 10 7 9 8 1 10 6 5 4 0  R5: 0 1 8 0  R6: 0 10 6 0  R7: 0 8 1 0  R8: 0 11 2 8 7 6 3 4 6 3 5 7 10 9 8 1 6 10 4 0  R9: 0 5 2 7 8 5 1 9 6 1 9 11 7 2 5 1 10 7 3 1 5 9 10 0  R10: 0 6 2 6 4 0  		
[161663.0, 234.0, 165.0, 4.0, 7.0, 1130.0, 138.0, 1032.0, 0.3928571428571429]	161663	234	165	4	7	138	1130	1032	0.3928571428571429	R1: 0 5 9 11 7 2 10 7 3 8 1 6 10 6 8 1 8 5 3 0  R2: 0 6 9 10 8 2 9 7 8 0  R3: 0 1 3 1 2 8 1 8 11 6 4 5 3 4 5 7 6 10 2 9 6 4 6 10 0  R4: 0 1 3 4 0  R5: 0 10 6 0  R6: 0 5 2 7 8 5 1 9 6 1 9 11 7 2 5 1 10 7 3 1 5 9 10 0  R7: 0 6 4 0  		
[156115.0, 314.0, 165.0, 6.0, 8.0, 1067.0, 116.0, 1155.0, 0.46875]	156115	314	165	6	8	116	1067	1155	0.46875	R1: 0 6 8 0  R2: 0 11 6 8 1 9 7 0  R3: 0 1 5 1 5 3 9 2 10 7 9 10 2 8 6 5 4 8 3 6 10 0  R4: 0 1 8 0  R5: 0 10 6 0  R6: 0 11 2 8 7 6 3 4 6 3 4 5 7 10 9 8 1 6 0  R7: 0 5 2 7 8 5 1 9 6 1 9 11 7 2 5 1 10 7 3 1 5 9 10 0  R8: 0 2 6 4 0  		
[153736.0, 251.0, 148.0, 5.0, 5.0, 1014.0, 159.0, 1237.0, 0.19999999999999996]	153736	251	148	5	5	159	1014	1237	0.19999999999999996	R1: 0 5 9 5 1 2 5 10 7 9 10 8 1 10 6 0  R2: 0 1 10 6 1 2 9 8 5 3 6 10 2 3 2 9 8 4 8 1 0  R3: 0 1 3 4 0  R4: 0 11 7 8 1 6 11 9 4 1 9 7 6 4 3 2 6 3 10 6 10 11 4 0  R5: 0 5 2 7 8 5 1 6 9 8 3 6 7 2 5 1 7 10 1 8 1 5 3 0  		
[170396.0, 106.0, 158.0, 1.0, 11.0, 855.0, 112.0, 1293.0, 0.43181818181818177]	170396	106	158	1	11	112	855	1293	0.43181818181818177	R1: 0 5 1 0  R2: 0 6 9 2 8 7 1 6 5 1 4 7 3 1 5 10 0  R3: 0 3 9 0  R4: 0 11 6 5 7 1 0  R5: 0 1 5 10 5 3 2 9 2 5 10 7 6 10 3 4 0  R6: 0 1 3 4 0  R7: 0 7 1 8 1 2 0  R8: 0 11 7 8 1 6 1 4 3 9 7 6 10 6 0  R9: 0 10 6 8 1 6 10 4 0  R10: 0 8 6 0  R11: 0 9 11 2 5 7 8 2 8 9 3 6 0  		
[165484.0, 146.0, 135.0, 4.0, 9.0, 799.0, 121.0, 1340.0, 0.4722222222222222]	165484	146	135	4	9	121	799	1340	0.4722222222222222	R1: 0 5 1 8 9 8 6 8 4 3 6 4 5 7 1 10 1 3 10 6 10 0  R2: 0 2 8 0  R3: 0 1 10 6 5 2 9 3 0  R4: 0 1 3 4 0  R5: 0 9 7 6 4 0  R6: 0 8 1 0  R7: 0 6 10 0  R8: 0 11 7 5 1 2 10 9 7 8 1 2 9 10 5 2 6 8 3 4 0  R9: 0 5 2 7 8 5 1 9 11 6 1 9 11 7 2 10 6 7 3 1 5 0  		
[160907.0, 200.0, 169.0, 2.0, 7.0, 1048.0, 132.0, 1291.0, 0.3214285714285714]	160907	200	169	2	7	132	1048	1291	0.3214285714285714	R1: 0 3 9 0  R2: 0 10 1 5 3 2 9 8 10 7 5 7 1 2 6 8 0  R3: 0 11 5 1 2 6 7 8 4 3 6 5 7 10 6 4 7 3 0  R4: 0 3 10 0  R5: 0 1 5 1 9 8 1 4 11 6 10 8 1 9 7 0  R6: 0 10 6 2 6 1 6 10 4 0  R7: 0 5 2 7 8 5 1 9 6 1 9 11 7 2 6 4 10 8 1 8 1 5 3 9 0  		
[170675.0, 224.0, 147.0, 5.0, 11.0, 932.0, 95.0, 1304.0, 0.4772727272727273]	170675	224	147	5	11	95	932	1304	0.4772727272727273	R1: 0 9 6 4 3 9 7 6 4 10 6 8 1 8 3 0  R2: 0 6 8 0  R3: 0 3 9 0  R4: 0 2 8 0  R5: 0 1 3 0  R6: 0 10 6 1 3 4 0  R7: 0 11 8 2 5 10 5 7 9 1 3 5 7 11 4 10 1 3 6 10 0  R8: 0 5 2 7 8 5 1 9 11 6 1 8 1 7 2 5 1 7 3 1 5 10 0  R9: 0 6 2 6 4 0  R10: 0 2 9 0  R11: 0 2 9 5 8 1 6 0  		
[170501.0, 192.0, 146.0, 3.0, 9.0, 1039.0, 118.0, 1082.0, 0.33333333333333337]	170501	192	146	3	9	118	1039	1082	0.33333333333333337	R1: 0 9 6 9 1 8 1 9 7 11 10 6 4 0  R2: 0 5 9 2 9 2 10 7 5 0  R3: 0 2 3 2 9 8 4 0  R4: 0 1 10 6 1 8 3 8 6 0  R5: 0 1 3 4 0  R6: 0 6 4 0  R7: 0 11 7 8 1 9 5 7 4 1 5 7 10 3 6 10 1 2 0  R8: 0 7 8 1 6 3 10 0  R9: 0 5 2 7 8 5 1 6 2 11 3 6 7 8 5 1 2 10 3 1 5 6 10 0  		
[154034.0, 322.0, 149.0, 3.0, 6.0, 918.0, 154.0, 1495.0, 0.41666666666666663]	154034	322	149	3	6	154	918	1495	0.41666666666666663	R1: 0 5 1 2 5 9 10 8 1 2 9 0  R2: 0 5 1 8 9 8 6 8 4 3 6 4 5 7 1 10 1 3 10 6 10 0  R3: 0 3 1 9 1 5 11 7 8 1 10 7 6 10 2 3 9 7 6 4 8 1 8 3 0  R4: 0 10 6 0  R5: 0 5 2 7 8 5 1 9 11 6 1 9 11 7 2 10 6 7 3 1 5 0  R6: 0 2 6 4 0  		
[154908.0, 267.0, 82.0, 3.0, 6.0, 1141.0, 125.0, 1297.0, 0.29166666666666663]	154908	267	82	3	6	125	1141	1297	0.29166666666666663	R1: 0 3 1 5 1 8 3 2 10 7 6 8 1 10 6 4 5 10 7 6 4 3 6 10 9 0  R2: 0 5 2 8 1 6 9 10 3 6 2 9 7 8 10 1 8 3 0  R3: 0 1 2 11 7 5 4 8 6 1 4 3 0  R4: 0 3 4 0  R5: 0 5 10 6 7 8 5 1 9 11 9 11 7 2 5 7 6 8 3 1 5 10 9 0  R6: 0 2 6 0  		
[167706.0, 43.0, 157.0, 3.0, 8.0, 766.0, 148.0, 1295.0, 0.4375]	167706	43	157	3	8	148	766	1295	0.4375	R1: 0 5 1 9 8 1 2 6 1 5 3 9 7 4 0  R2: 0 3 9 0  R3: 0 1 3 0  R4: 0 10 6 1 3 5 1 4 8 6 9 11 0  R5: 0 11 7 8 1 10 7 6 8 1 7 10 6 4 10 6 10 1 3 10 6 10 0  R6: 0 5 2 7 2 9 5 6 9 10 11 3 2 8 5 1 7 2 6 1 5 3 0  R7: 0 6 8 1 3 4 0  R8: 0 4 3 2 5 9 7 0  		
[155286.0, 138.0, 137.0, 2.0, 8.0, 911.0, 102.0, 1246.0, 0.40625]	155286	138	137	2	8	102	911	1246	0.40625	R1: 0 3 1 5 7 3 5 2 9 1 11 6 2 4 3 9 7 0  R2: 0 6 8 5 7 1 2 9 8 0  R3: 0 10 6 0  R4: 0 11 2 8 7 6 1 8 7 10 1 6 4 10 6 9 1 6 10 4 0  R5: 0 7 8 3 0  R6: 0 1 4 1 8 0  R7: 0 5 10 6 5 9 8 1 2 10 7 9 11 3 5 7 5 1 6 8 3 1 10 4 5 0  R8: 0 2 6 0  		
[157898.0, 232.0, 126.0, 5.0, 8.0, 979.0, 149.0, 1015.0, 0.34375]	157898	232	126	5	8	149	979	1015	0.34375	R1: 0 9 11 10 6 4 3 2 6 10 6 8 1 9 6 10 4 0  R2: 0 5 1 9 2 9 6 10 7 5 7 8 9 7 0  R3: 0 1 10 6 5 3 8 1 0  R4: 0 11 5 7 8 5 1 3 6 2 8 0  R5: 0 7 10 1 3 10 0  R6: 0 5 1 5 9 7 3 9 2 6 1 8 1 7 10 5 7 1 2 8 3 6 4 0  R7: 0 6 4 0  R8: 0 8 1 0  		
[155831.0, 253.0, 157.0, 3.0, 7.0, 1161.0, 167.0, 1113.0, 0.3928571428571429]	155831	253	157	3	7	167	1161	1113	0.3928571428571429	R1: 0 10 7 6 10 2 3 8 4 0  R2: 0 3 1 5 2 3 11 8 7 8 6 1 4 5 3 10 6 4 7 10 6 1 6 10 9 3 4 0  R3: 0 5 1 2 8 6 9 10 8 1 9 7 5 1 0  R4: 0 3 6 0  R5: 0 1 4 0  R6: 0 5 10 6 7 8 5 1 9 11 9 11 7 2 5 7 6 8 3 1 5 10 9 0  R7: 0 2 6 8 3 0  		
