2.0006585350084496 6.587908549307239E-4 
6.374139558922437E-4 3.9952495040882607 
1.9140955527619108 0.7956014287977677 
1.3901525607093228 0.7956073793543422 
0.8338049214113064 1.5939379050612337 
1.29107667162014 1.5937044173010657 
0.3919204535265889 2.39063135764865 
0.7356209317153282 2.390396323847993 
0.1080957505797252 3.18117960456759 
0.30356443239547976 3.180690699746958 
1.9405721408718317 0.42092746098620953 
0.739320293904414 2.3374904813931145 
0.7460751221866979 2.2451515428455227 
1.9476895313321867 0.3370970985720904 
0.08847343178535558 3.264256180392586 
0.0751405468943025 3.411199245287995 
1.9595202388532933 0.21804295522760786 
0.07035524018673461 3.4780039741588973 
0.04203515324482245 3.895561122473087 
1.9188318106777005 0.7217557125751981 
1.9356609105496867 0.4829407545619472 
1.3000335196795796 1.4663680862157698 
1.3196335647563575 1.218383824543401 
0.004907424716205068 3.895757674574245 
0.3756186390923569 2.4214538462735495 
0.30995644104721554 3.0885382775805783 
1.3238773792187102 1.171067204513696 
1.3286129194921843 1.1210652032938664 
1.3086490273356826 1.3525561115698959 
0.318038556385414 2.9728504556131288 
0.0801421520006703 3.3487638298633544 
0.3289998723114423 2.8262625249967295 
1.9737860167537884 0.1060459770497783 
1.34247766418032 1.0607795696151332 
0.7850134419121936 1.8072887699127567 
0.001378653262022424 3.93615269001939 
0.3527044381468928 2.5674039193705647 
1.3565055677503246 0.8952781088971491 
0.3350540172762955 2.751983258930987 
0.34053023574788227 2.6889935566001637 
0.09976250129091922 3.1959726455022888 
0.8051755141713134 1.6682782851769014 
0.7740213974753102 1.910551240900225 
0.08450523159407276 3.3175665310355447 
0.7558757077007785 2.1175058141876506 
0.058643580195796206 3.6579079370071104 
1.2961488037384497 1.520656468609996 
0.7662584483028437 1.99362232877084 
0.34753497422339874 2.6155395060296733 
0.32180375280158374 2.921140612465247 
0.30741878498246017 3.1244253935035022 
0.3572809788111625 2.529008945037494 
1.343464419717648 0.9856889405087675 
1.3131963057650236 1.294736602690356 
1.3148045776345432 1.2752941916447622 
0.048972953923863735 3.805073811975196 
0.05175351711314456 3.764412522675653 
1.3332978769610258 1.0750091428610022 
0.7510105969484058 2.1796427466885695 
0.3443879276902463 2.647692502240941 
1.952767952237542 0.2832570229392964 
0.36747686812084585 2.46011118007027 
1.9864766380267487 0.03908785225334044 
0.3242169044583142 2.8888045567128877 
0.0669558965416423 3.5284851996970716 
1.9650103815263829 0.1703531499151211 
1.3548853041330706 0.9421021565903416 
1.3041730886843572 1.4102938299017478 
1.2939206952920113 1.5524711439228323 
1.3643029308729557 0.8554255249100076 
0.7579151993117349 2.0927851529651855 
0.7987005724599223 1.7053608483727323 
0.8132376936337944 1.6321803007332638 
0.818417087814746 1.6152472725819838 
1.92854507457341 0.5791994547659484 
0.05559641259460486 3.7056774266608277 
0.7909847353136433 1.7591538862749392 
0.7805108805612683 1.8473914611862758 
1.9215247694088922 0.6809743879113781 
0.314546428865165 3.021917456715192 
0.7780435041741193 1.8706777440744327 
0.749959940215757 2.1934078798459202 
0.06125105181967523 3.6168471795343367 
0.3364080510795849 2.735714922943539 
0.06288931922976354 3.5911987896775277 
1.377315791295731 0.8102600362738112 
0.3272913581965552 2.848233249760187 
0.06541683949531195 3.552001949007421 
1.9955094722548052 0.02613021065232002 
1.3054096480048754 1.393898111530736 
0.054203692446321276 3.7272142182412913 
1.9785395012208917 0.07775460791343108 
1.9521789992061949 0.28934297990700847 
0.3041151500522532 3.1726430400543166 
0.7620261165453432 2.042717336639816 
0.045932668853860874 3.8469948713404354 
1.9233507836097756 0.6538702200351744 
1.925110780679305 0.628162079374129 
1.964820772602469 0.17194302638988238 
0.3621914191284871 2.4929384674051405 
