[70268.0, 20932.800000000003]	153128	215	76	2	5	164	1083	1108	0.09999999999999998	R1: 0 3 9 1 3 1 2 9 6 5 6 1 4 8 2 1 9 2 6 4 0  R2: 0 10 5 10 5 7 9 5 1 8 5 6 1 2 10 0  R3: 0 9 7 10 6 10 4 6 7 3 1 5 0  R4: 0 11 8 2 7 1 11 3 2 6 8 5 1 10 1 8 3 6 10 0  R5: 0 9 10 9 7 4 3 10 5 2 4 8 1 3 10 7 11 0  		
[36100.0, 30137.9]	174299	58	133	0	11	160	672	1512	0.5	R1: 0 9 11 6 10 8 1 0  R2: 0 3 10 6 9 5 9 0  R3: 0 1 3 5 8 1 0  R4: 0 6 1 9 11 0  R5: 0 7 2 8 6 10 1 3 6 9 7 8 10 6 10 1 8 1 5 3 0  R6: 0 2 1 5 8 0  R7: 0 11 7 5 1 2 9 2 5 1 7 3 4 5 1 7 0  R8: 0 5 1 3 10 4 0  R9: 0 6 4 0  R10: 0 8 6 0  R11: 0 4 3 2 9 6 4 8 7 2 3 10 6 10 0  		
[44110.0, 24404.285714285714]	155540	91	131	0	7	175	822	1364	0.2857142857142857	R1: 0 3 9 1 3 2 9 5 1 6 4 6 10 1 8 2 9 1 0  R2: 0 9 7 10 6 10 4 6 7 3 1 5 0  R3: 0 2 5 7 9 2 8 6 5 7 1 0  R4: 0 11 8 2 7 1 11 3 2 6 8 5 1 10 1 8 3 6 10 0  R5: 0 5 10 6 1 8 0  R6: 0 6 2 6 4 0  R7: 0 9 10 9 7 4 3 10 5 7 2 4 8 1 3 10 11 0  		
[37192.0, 28753.833333333332]	172205	66	149	0	9	161	692	1512	0.4722222222222222	R1: 0 3 9 5 10 0  R2: 0 11 6 1 10 0  R3: 0 1 3 5 9 8 1 8 6 9 11 8 1 0  R4: 0 10 6 1 3 4 0  R5: 0 7 2 8 6 10 1 3 6 9 7 8 10 6 10 1 8 1 5 3 0  R6: 0 2 1 5 8 0  R7: 0 11 7 5 1 2 5 9 5 1 7 3 4 5 1 10 7 6 3 10 4 0  R8: 0 4 3 2 9 6 4 8 7 2 6 10 3 0  R9: 0 9 2 0  		
[55176.0, 23198.77142857143]	141402	135	143	0	7	148	1041	1214	0.3214285714285714	R1: 0 6 9 11 10 3 2 9 7 5 6 4 10 8 3 1 7 10 5 0  R2: 0 3 9 1 3 1 8 1 8 6 5 6 10 7 1 7 10 4 10 6 0  R3: 0 10 6 5 10 5 9 0  R4: 0 2 7 2 5 1 0  R5: 0 11 2 9 2 10 6 1 4 3 4 2 8 7 6 2 6 5 6 10 4 0  R6: 0 7 3 0  R7: 0 9 8 1 11 5 1 0  		
[54338.0, 23315.257142857143]	140624	135	140	0	7	149	1024	1230	0.3571428571428571	R1: 0 6 9 11 10 3 2 9 7 5 6 4 10 8 3 1 7 10 5 0  R2: 0 3 9 1 3 1 8 1 8 6 5 6 10 7 1 7 10 4 10 6 0  R3: 0 10 6 5 10 7 2 0  R4: 0 2 5 9 5 1 0  R5: 0 11 2 9 2 10 6 1 4 3 4 2 8 7 6 2 6 5 6 10 4 0  R6: 0 7 3 0  R7: 0 9 8 1 11 5 1 0  		
[58442.0, 21176.0]	154040	84	101	1	5	96	1009	1260	0.050000000000000044	R1: 0 3 9 2 11 5 7 8 10 6 10 3 6 7 1 6 4 10 6 2 6 4 1 5 0  R2: 0 5 7 1 9 8 6 2 5 7 8 1 9 7 0  R3: 0 11 9 4 2 8 3 7 6 11 3 10 0  R4: 0 1 5 3 2 9 8 9 5 1 2 10 3 5 7 1 10 8 4 6 1 3 10 0  R5: 0 10 1 3 6 8 1 4 9 10 0  		
[42028.0, 27513.733333333334]	163044	79	130	0	9	149	789	1416	0.4722222222222222	R1: 0 6 8 10 11 9 6 7 10 6 4 11 8 3 1 5 10 0  R2: 0 3 1 3 8 1 2 5 9 4 10 3 4 5 7 10 2 7 8 6 10 3 0  R3: 0 10 6 5 10 1 8 5 1 0  R4: 0 3 6 2 8 5 1 10 1 0  R5: 0 6 10 0  R6: 0 2 5 9 0  R7: 0 11 7 0  R8: 0 1 4 7 2 9 8 1 6 5 7 8 9 7 2 9 1 0  R9: 0 2 6 4 0  		
[51444.0, 24036.5]	158925	77	128	0	6	152	977	1258	0.29166666666666663	R1: 0 3 9 5 10 5 2 8 1 6 9 4 3 2 9 8 10 7 3 0  R2: 0 1 3 7 2 5 1 8 6 11 6 9 3 4 7 5 7 10 11 10 1 8 6 3 10 0  R3: 0 1 4 3 11 7 0  R4: 0 10 6 2 1 8 1 2 10 6 1 3 5 9 10 6 4 8 3 1 5 10 7 0  R5: 0 2 6 4 0  R6: 0 9 2 5 1 7 8 1 5 1 0  		
[52010.0, 23905.2]	159472	51	93	1	6	175	868	1242	0.33333333333333337	R1: 0 9 10 0  R2: 0 3 9 1 3 1 8 4 9 2 6 1 2 8 5 0  R3: 0 10 5 6 10 7 2 5 1 6 8 9 11 4 3 7 10 6 4 7 3 0  R4: 0 2 5 9 8 2 10 5 1 3 6 3 5 1 7 8 3 6 10 4 1 0  R5: 0 6 4 8 3 0  R6: 0 2 11 9 8 11 5 6 8 10 2 9 7 1 10 2 6 1 5 0  		
