[161871.0, 167.0, 132.0, 2.0, 7.0, 937.0, 166.0, 1217.0, 0.3571428571428571]	161871	167	132	2	7	166	937	1217	0.3571428571428571	R1: 0 10 7 9 10 2 8 0  R2: 0 3 1 3 5 1 9 8 0  R3: 0 11 6 4 3 9 7 5 7 0  R4: 0 10 6 1 4 2 9 0  R5: 0 6 5 7 3 6 10 1 4 8 1 8 6 10 3 0  R6: 0 11 8 1 2 6 8 7 8 1 6 4 5 10 6 2 6 4 0  R7: 0 5 2 7 8 5 1 9 6 1 9 11 7 2 5 1 10 7 3 1 5 10 9 0  		
[181231.0, 166.0, 157.0, 0.0, 13.0, 932.0, 127.0, 1377.0, 0.5192307692307692]	181231	166	157	0	13	127	932	1377	0.5192307692307692	R1: 0 9 10 4 3 0  R2: 0 5 7 1 2 9 6 10 7 8 2 9 7 8 0  R3: 0 1 5 3 0  R4: 0 10 6 1 3 4 0  R5: 0 8 1 2 5 7 1 3 7 10 6 4 0  R6: 0 10 1 0  R7: 0 5 2 8 11 5 9 1 6 7 9 11 1 5 7 1 2 8 3 1 5 10 0  R8: 0 8 6 0  R9: 0 6 10 0  R10: 0 5 1 0  R11: 0 3 9 0  R12: 0 11 6 8 1 2 10 6 4 7 6 4 3 9 0  R13: 0 2 6 0  		
[163874.0, 194.0, 90.0, 3.0, 6.0, 1124.0, 148.0, 1152.0, 0.20833333333333337]	163874	194	90	3	6	148	1124	1152	0.20833333333333337	R1: 0 3 1 5 3 5 1 9 8 6 10 7 3 2 6 8 10 6 8 1 3 0  R2: 0 11 5 7 1 9 7 6 0  R3: 0 10 1 4 1 2 9 6 8 9 10 3 4 0  R4: 0 11 8 2 6 8 6 7 8 1 6 4 5 2 6 4 10 0  R5: 0 5 2 7 8 5 1 9 6 1 9 11 7 2 5 1 10 7 3 6 1 5 10 9 0  R6: 0 4 3 0  		
[154433.0, 265.0, 121.0, 2.0, 7.0, 1084.0, 159.0, 1299.0, 0.3571428571428571]	154433	265	121	2	7	159	1084	1299	0.3571428571428571	R1: 0 3 9 2 7 8 5 6 1 9 2 3 7 10 5 1 7 6 2 8 1 5 6 3 0  R2: 0 1 10 5 1 8 6 3 0  R3: 0 9 7 0  R4: 0 11 7 5 1 8 10 11 9 7 4 6 2 8 9 10 1 3 10 6 10 11 0  R5: 0 3 4 0  R6: 0 5 1 4 5 10 2 9 2 5 6 1 6 8 1 10 6 3 7 6 4 3 0  R7: 0 8 1 0  		
[172285.0, 189.0, 118.0, 0.0, 10.0, 1093.0, 125.0, 1283.0, 0.35]	172285	189	118	0	10	125	1093	1283	0.35	R1: 0 9 10 0  R2: 0 3 1 3 2 9 5 1 0  R3: 0 11 6 10 0  R4: 0 2 9 7 8 0  R5: 0 10 6 1 5 9 1 8 4 0  R6: 0 11 8 1 2 7 10 8 1 7 5 7 10 6 0  R7: 0 5 2 7 8 5 1 9 6 1 9 11 7 10 6 5 2 7 3 1 10 4 5 0  R8: 0 8 6 5 1 4 3 7 6 8 10 2 1 6 10 4 0  R9: 0 6 8 3 1 4 0  R10: 0 2 9 0  		
[161912.0, 202.0, 159.0, 2.0, 8.0, 934.0, 128.0, 1380.0, 0.4375]	161912	202	159	2	8	128	934	1380	0.4375	R1: 0 3 1 9 1 5 9 1 8 3 9 11 6 10 4 9 7 0  R2: 0 10 6 0  R3: 0 11 7 5 1 2 6 8 6 5 7 10 5 1 7 0  R4: 0 8 1 0  R5: 0 5 2 7 8 5 1 9 6 1 4 3 2 8 6 10 7 3 1 5 10 9 0  R6: 0 6 8 1 3 4 0  R7: 0 8 6 0  R8: 0 2 9 8 1 10 7 5 7 3 4 1 10 6 4 10 2 1 6 10 0  		
[171269.0, 214.0, 143.0, 1.0, 8.0, 990.0, 94.0, 1410.0, 0.34375]	171269	214	143	1	8	94	990	1410	0.34375	R1: 0 9 10 8 1 0  R2: 0 5 11 7 9 0  R3: 0 3 10 6 1 2 9 4 8 6 1 10 3 4 0  R4: 0 8 3 0  R5: 0 1 5 1 3 0  R6: 0 5 2 7 1 5 1 6 2 5 1 9 11 7 8 5 1 7 3 10 6 10 0  R7: 0 8 1 8 1 10 7 4 3 2 5 7 9 10 6 2 1 6 8 4 0  R8: 0 9 11 2 3 9 7 6 4 10 6 8 3 1 5 10 0  		
[159467.0, 159.0, 141.0, 3.0, 6.0, 969.0, 123.0, 1299.0, 0.33333333333333337]	159467	159	141	3	6	123	969	1299	0.33333333333333337	R1: 0 9 10 4 3 0  R2: 0 3 1 3 2 5 1 9 10 7 3 2 8 6 0  R3: 0 5 9 0  R4: 0 10 1 6 1 8 4 8 6 11 6 10 3 9 7 5 7 4 8 1 0  R5: 0 11 8 1 2 6 8 7 8 1 6 4 10 5 2 6 4 6 10 0  R6: 0 5 2 7 8 5 1 9 6 1 9 11 7 2 5 1 10 7 3 1 5 10 9 0  		
[158284.0, 163.0, 143.0, 2.0, 7.0, 949.0, 176.0, 1290.0, 0.3214285714285714]	158284	163	143	2	7	176	949	1290	0.3214285714285714	R1: 0 10 7 9 10 0  R2: 0 3 1 3 5 1 9 8 0  R3: 0 10 6 1 4 0  R4: 0 6 5 7 3 6 1 10 4 8 1 8 6 10 3 0  R5: 0 11 8 1 2 6 8 7 8 1 6 4 5 10 6 2 6 4 0  R6: 0 5 2 7 8 5 1 9 6 1 9 11 7 2 5 1 10 7 3 1 5 10 9 0  R7: 0 2 9 5 1 8 11 6 4 3 9 7 0  		
[172379.0, 144.0, 157.0, 1.0, 9.0, 856.0, 145.0, 1351.0, 0.5277777777777778]	172379	144	157	1	9	145	856	1351	0.5277777777777778	R1: 0 10 7 9 11 3 4 0  R2: 0 3 9 0  R3: 0 1 5 1 4 5 3 2 5 9 5 7 8 1 9 7 5 7 1 6 2 6 4 6 10 0  R4: 0 6 1 4 3 0  R5: 0 1 8 1 0  R6: 0 10 6 0  R7: 0 11 7 8 1 8 11 6 10 2 7 6 4 10 6 10 1 3 10 8 0  R8: 0 5 2 7 10 2 9 6 9 5 1 3 2 8 6 7 3 1 5 10 9 0  R9: 0 8 1 8 3 0  		
[159335.0, 291.0, 104.0, 3.0, 7.0, 1083.0, 148.0, 1176.0, 0.25]	159335	291	104	3	7	148	1083	1176	0.25	R1: 0 9 10 0  R2: 0 10 1 5 6 1 9 8 3 10 7 6 10 2 3 4 8 0  R3: 0 1 5 11 7 9 4 8 11 6 0  R4: 0 5 2 7 8 5 1 9 6 2 9 11 7 5 10 7 1 0  R5: 0 2 8 6 2 5 1 3 6 9 7 10 6 4 7 6 4 8 6 10 3 0  R6: 0 2 6 3 10 0  R7: 0 4 8 2 5 1 10 1 8 1 5 3 9 0  		
[149904.0, 395.0, 97.0, 2.0, 5.0, 1263.0, 161.0, 1167.0, 0.30000000000000004]	149904	395	97	2	5	161	1263	1167	0.30000000000000004	R1: 0 9 10 0  R2: 0 3 1 5 3 11 8 6 8 7 8 6 2 1 6 4 6 4 2 6 9 8 0  R3: 0 11 6 10 4 3 9 7 5 7 0  R4: 0 10 1 5 6 1 9 8 2 10 7 5 7 3 6 1 10 6 4 8 3 6 10 1 0  R5: 0 5 2 7 8 5 1 9 6 1 9 11 7 2 5 1 10 7 3 1 5 10 9 0  		
[159774.0, 153.0, 141.0, 3.0, 6.0, 947.0, 123.0, 1307.0, 0.33333333333333337]	159774	153	141	3	6	123	947	1307	0.33333333333333337	R1: 0 9 10 4 3 0  R2: 0 3 1 3 2 5 1 9 10 7 3 2 8 6 0  R3: 0 5 9 0  R4: 0 10 1 6 1 8 4 8 6 11 6 10 3 9 7 5 7 4 8 1 6 10 0  R5: 0 11 8 1 2 6 8 7 8 1 6 4 5 10 6 2 6 4 0  R6: 0 5 2 7 8 5 1 9 6 1 9 11 7 2 5 1 10 7 3 1 5 10 9 0  		
