1.9959054890663388 2.4389869026001547E-4 0.009610168012608437 
2.341437578094734E-4 4.000103494144237 2.7458759978162965E-4 
3.281586915160043E-4 0.0010748664862456308 5.927559837731953 
0.19640091921290176 2.22206526440014 0.6412742762404289 
0.15146905734858726 2.4576673076436766 0.17124294532184117 
1.7716504825073378 0.02774921749583963 0.36292395657082344 
0.04031129938717005 1.3973919922102274 2.8899812281770516 
0.1789692190651977 1.8936328155764628 1.338580836289476 
1.1548581721996083 0.0193817817068619 2.2055908927005636 
0.22712799549846568 0.4443066841482109 3.4044554119479313 
0.01889272127210675 3.4742362556560087 0.0038552782602738482 
1.8643866519040153 0.01550229519637402 0.8339350687623309 
0.9872592890440872 0.5349887834686757 0.36408996486574813 
0.2378608238566498 2.020891867862947 0.8643722580147534 
0.07039511656975848 0.27001899108647937 4.596311556339923 
0.562713252488243 0.05527640818949394 3.2860356116104663 
0.09244521344579315 2.876593763889244 0.5344170576258861 
0.03082682933534117 0.013867247683091239 5.544846251021635 
0.6068320194415199 1.1253260890123424 0.37505348055937204 
1.0740100866094706 0.05543120554745936 1.519126842352261 
0.015587644530813762 1.3365890507294724 3.090644891326774 
0.3496405227982874 1.6878799640078517 0.3200750145776144 
0.0059764284794436955 3.789010880260376 0.0031510036626232365 
0.08707749344325631 1.8112693108967473 1.6120032416849694 
0.9385442433237544 0.730025246005713 0.10404530307082605 
0.16584223340465903 0.1440692954323368 4.253038715448743 
0.05341585847969059 3.1796830961956672 0.053329382849676726 
0.7244558988446559 0.2923960216701619 2.072042277161068 
0.2506011633617162 2.088864956385942 0.036226589421271715 
0.031029160262889623 2.516253086073234 1.9385193458701488 
0.06068753075087753 0.02501669560866004 5.102540965359015 
1.057952998797513 0.4741091199001727 1.2717194652242578 
0.02956616292551126 3.254731296468791 0.2784075208748929 
0.039435178279679024 0.04823802003826834 5.351570688245019 
0.3702589323063229 0.8777485755922632 1.6597337286146026 
0.4648656958492858 0.1916721134052731 2.409664728300327 
0.4250313095382188 1.5181566774726056 0.5010364145388199 
1.1242308099917355 0.3732330869856959 0.619008900763982 
1.3639063698254603 0.17887909667211296 0.5673854735885138 
0.09337316445485208 0.8530150669643737 3.2177825802715763 
1.8956315136283926 0.0065855137145498215 0.01835056966005992 
0.10868101139279919 2.616267951801399 0.6967703922043393 
0.12810610806344147 0.21159278968015277 3.8788199547693534 
0.026039020589944246 3.3598834015599066 0.8618344242675019 
0.7718253346963725 0.29301893128193734 1.9167853224963323 
0.21816400077719028 1.21094367869614 1.787033866711572 
0.40680457258852365 1.4928009583954858 0.8106233841208335 
1.7010294842202702 0.047561069809939197 0.002342043677544018 
1.3235612912078147 0.19682651832103495 1.100310038351272 
0.0064972938548952764 0.21199263541722732 4.7921603828562 
1.5274178578296365 0.10430710642375642 0.7708176289726009 
0.003178734411528051 0.6115063213145079 4.374653742731416 
0.7511562072761014 0.2777771710677023 2.1906533826926045 
0.17488955786577584 0.07349709777606867 4.784951848095473 
0.154338410043884 2.71968370767243 0.12745668981238462 
0.6494815375431422 0.06544511138093313 2.7850389000179274 
0.30027450211520246 1.8302486845463708 0.4309840084365812 
1.6454049248590716 0.07653670977959018 0.4327807267053241 
0.5071950975540065 1.3452799441851016 0.3363100385416168 
0.39269548988131997 1.589051851528221 0.22734482577020437 
0.4519705487150839 1.567802353066816 0.07383641158562435 
0.5208800700625895 0.15413631742357847 2.8072320068993935 
0.2060271134542601 0.09296158559423753 4.019372930100693 
0.2560497585614549 0.4305463773197576 2.7565248745423307 
1.577438643071136 0.0906089461226935 0.3747511650760315 
0.3126288108706782 0.8997097513898311 2.415386968555989 
0.05442505183486164 0.03492271553664626 5.38353813764606 
0.0471176182838879 1.2331408862734636 2.41074211172333 
0.4777047463387526 0.6599070077717797 1.6120114723658199 
3.2076342262100764E-4 0.08776421420025943 5.750606502540446 
0.8592044110462617 0.05096727690684064 2.523624723219548 
0.15083189488760781 2.57858642351849 0.231108038554171 
0.6352046200762468 1.0246232148628533 0.7749187905124798 
0.2498064300122284 0.42116663976385726 3.09086397790656 
0.2724480151451821 0.024445461806811668 3.928622489904176 
0.4093213545887796 1.678459534708985 0.09729218602821786 
0.5410407915181145 0.16723789222438645 2.6364087136223806 
0.35266817971680336 0.9230762548233871 1.767861883783259 
8.502278597999227E-4 0.08604597812797458 5.751064857745079 
1.2124704935162556 0.3069647823312901 0.9367529547421181 
0.012714503366947719 0.5636406901589999 4.474165893580409 
1.4011021032454714 0.16249476499539217 0.7665032114430398 
5.218557093925566E-4 3.9830930342983097 5.185760194000266E-4 
1.9851449177724068 4.526891063331301E-4 0.05739177113535728 
6.173990465969105E-4 5.220658526075662E-4 5.962714438711888 
1.999311424705566 4.6982301975195925E-4 4.7543850624781755E-4 
4.7034391512049107E-4 0.5422427668574333 5.421667872003179 
0.016475300884827876 3.4953186312001217 4.6967450601092576E-4 
0.04586102404542249 3.031713185375127 1.0755379516330301 
1.6031650892249865 0.054806965386209654 1.0257272133211013 
0.28974778755022346 1.9074627135914992 0.1860646664218003 
0.37761620777584626 0.375056106592328 2.518582313310069 
0.08287573747181107 2.033446858262159 1.3354494036471751 
0.7713319132826622 0.8348696313337794 0.3029198589371715 
1.232642411503778 0.309031074536378 0.22575363002353976 
0.005162663170168022 3.7921977054538774 0.0024056579495835796 
0.7385794543011223 0.00352541461454062 2.6875876148646722 
0.01085536235424237 2.2276323338007136 2.920572812390347 
5.173913339627753E-4 1.3053970430182462 5.3213143973224675 
0.0016700586961436918 2.633050697500136 1.5557351876341121 
0.058926296542224164 1.8859078832167346 2.2016543612318964 
0.08727629335013566 2.892797249388068 0.019952752203337573 
0.11885425498832755 0.2638126608351357 4.622236809218106 
1.190632640271233 0.3194427909744343 0.7086695139151318 
0.03336015746093275 2.078943663193268 1.7673116205443313 
0.5932976404462919 1.091512984190539 1.2153585304418368 
0.00756672692132332 2.7239772103512254 1.2008316889792636 
0.10398003109040738 0.2684736993009723 4.119733246559357 
0.19505842935367715 0.13519326055227857 3.7357161812507944 
0.4855277558811834 1.4688586219527189 0.13907559352134075 
0.6408663704506147 7.250413839927602E-4 5.532354530619708 
0.3144400597250548 0.0013665441888913573 4.219391315432561 
0.10000097296024009 1.7086418626500444 1.5769014553737413 
0.008899789237371376 0.6336341270750813 3.975276122161156 
1.1233101520716595 0.1178305005877097 1.2581021961759875 
1.8807232902204685 0.0076445760096648325 4.7528575091165955E-4 
0.7229449644212049 0.00103609828778408 3.4467030123730438 
0.2410963243249487 2.368906176765957 0.07497286556869225 
0.01859873100155044 3.3910662418303965 0.2914688653684542 
0.507421577868346 0.6137860066312434 1.887545418565998 
1.925094907762357 9.253845395563909E-4 0.7775549678514646 
0.004635867098585299 2.440401800040996 2.05040368774193 
0.008970142339928756 0.7131524052421627 3.594677127958231 
0.0013959486889740028 2.5318144080190215 2.2857248853604757 
1.0533419870540621 0.4832168151131097 0.87997861717887 
0.6923517267263161 0.025915715074264337 2.8023473984905745 
0.0667307299895459 0.9744524242858844 3.167604427880528 
1.4652116130359358 0.15198157672679105 0.004072417053675113 
0.302208807600841 0.004289420353480247 4.511391486126986 
1.00760721976866 0.5052382590113456 0.2843747631300401 
0.1267892741137438 1.5388219837625952 1.7638750997143369 
0.055037188321103304 3.004716581866449 0.5855406731780368 
0.015425139407752869 3.535697736522018 0.00816422465385259 
0.19795752042458273 2.1774640896072537 0.7252453452134499 
0.3898933350475488 0.38735940428932064 2.48172850295762 
0.12796525695027652 0.1768397584310014 4.751476507941466 
0.4093778601930243 0.7497153298790595 2.0623421985493375 
0.4357712183934588 1.487320692154572 0.10043318531494748 
0.10188595344630205 2.75682585777981 0.002448341180490569 
1.773241570761658 0.01240777309774911 0.9540919285676818 
0.0172908991486927 0.67082337737869 3.8359206715366962 
0.10858696627955937 1.6593058278376995 1.8697126875802417 
0.7171580589775769 0.3307925802300168 2.0680214446230916 
1.5359380202133897 0.11489041523460719 0.603930218019922 
1.5216827827157295 0.12529219972350902 0.0487950646090414 
0.5661429787476445 1.199018396829978 0.35591961487550067 
1.322413535439134 0.21032956811400152 0.990060818005345 
0.06368405710165397 2.959202772500947 0.277426534314142 
1.4076021805272443 0.16541714160184554 0.7588085356247455 
7.403563734701374E-4 1.5177808400365558 3.0567462678923585 
0.03778419856774974 0.3566680603270119 4.387030172846819 
1.347317834257935 0.23257336426877642 0.9123448356930961 
0.9395125500419547 0.5789665866664931 0.7415741305728784 
0.009282230708049555 3.675267898038125 0.34892186104136547 
0.3011289045826418 0.9445878572497283 2.1794114342074997 
0.42857186781188583 0.8294018111129139 1.2708407182692372 
0.6952785166317581 1.0255776595487471 0.03041746887234751 
1.7343904487155823 0.035159074076963545 0.7408273504044591 
1.1699511635193292 0.020261046061673484 1.686939786258941 
0.5136125390908061 1.4188907845506327 0.2946234647156613 
0.6240173780414834 1.0119000267018778 1.0258124038452048 
0.231967080275579 2.250687920373568 0.21448353796681358 
0.03184443607905255 3.258530313465689 0.2775516503115125 
0.5949979507282631 1.1531244083008 0.43280864278726483 
0.10101291058732031 1.7054059713481773 1.5083155346598482 
2.9697194871695996E-4 3.1304670849417504E-4 5.989223024133338 
2.000367206591669 4.061540575747939E-4 4.2052556391208184E-4 
6.338075840483629E-4 3.5257860701439037 5.234141671073924 
0.10267274756451897 2.724376744752967 0.10767105078774351 
0.08625636040162521 3.0203571243969463 0.053534938850978424 
0.7371388706815227 0.873849382489254 0.6743699889447873 
0.0825891005838293 2.0382885535617596 1.4240750604047268 
1.7835059657292296 4.914374978952208E-4 4.398800605426682 
0.2746237551101143 0.0017955433995199461 5.109455830571367 
0.6093411554489714 1.1213518696650635 0.02511390349124119 
0.11197793461042839 0.0034136739506340705 4.787934136186408 
0.046991027352510914 3.567648759597511E-4 5.741270539501345 
0.8086622445685534 0.7614260384487516 0.1865267960505316 
1.288566353631122 0.006454598065465304 2.582524285082798 
0.18762935694437072 2.1846351334476415 1.298032007833741 
1.065239822178966 0.06552086213931327 1.5338513111023107 
0.4340626016200928 0.27315620849820915 3.3286656894537807 
0.009571907333602084 0.05967163360495346 5.441514491002143 
1.6641079314212186 0.05179544602345743 0.46178482163517237 
1.461602249475018 0.14224441713646369 0.13527129899416 
0.0024850836265694174 1.4887840542611663 3.1541343434843956 
0.3820819080487828 0.05071934574679999 3.85753632164307 
0.04524349331129548 1.2184242961321128 3.17963467486402 
0.13697120261995213 0.3286697122714899 3.631464854219643 
0.8694030772297894 0.6649738653675756 0.5143546187857138 
0.04073359831165672 0.03867049232883448 4.924072774870963 
0.9257666434087511 0.6141902932834384 0.6454605863438784 
0.6648442795485483 0.9637647651575565 0.6237739153056104 
0.33879027546802165 1.0431056017490994 1.3641966140518373 
0.03376733663240078 0.4750369787728847 4.087221963634721 
0.879009048445075 0.183256822646469 1.4602860028287807 
0.1271511806904349 0.21469451393375394 4.042427034893681 
0.001492530698782751 3.7626969102183616 2.055257643983699 
0.005394214581850905 2.526734485374308 1.333874287769519 
0.21900520441555552 2.2764041140317315 0.1296227395449301 
0.943885725354953 0.10583577380421481 2.122312307026158 
1.1466437465398587 0.3623996487923428 0.564054676290833 
0.49689156066295254 1.3889976805965085 0.3308548432632836 
0.9824015983074067 0.1581238712255128 1.999779005162143 
1.1126791221415215 0.03330406913576792 2.347543147043077 
1.7888987438890793 0.027508233202892446 0.39435486624599947 
0.19528877628720762 0.06795712064162122 4.537479984409061 
0.24720462310955538 0.08720958891649215 4.21700957673798 
0.07931095458139498 1.7594325021876258 2.2185102443680313 
1.5878679822573454 0.0865512770324956 0.002524872142753053 
0.03654270231154972 3.2583447304157476 0.004114811868370398 
0.29956969319125293 0.0013718501575632038 4.526717721979133 
0.6563995201478724 0.9540263413789534 1.0109064952028763 
0.1599278380550786 2.425778799417076 0.039680150465058066 
0.004428088944741635 0.0015823642764738498 5.84451680883182 
0.003090423583776893 3.8634675134195366 0.8227151932870778 
1.7184667132354616 0.03802698995297344 0.46276031792986455 
0.06632811517206019 0.5339438147287109 3.6694787674554097 
1.3428061707598091 0.021623504788657582 1.2109734615685293 
0.1969283378283584 1.296391138579665 1.5727344848344154 
7.227674896404539E-4 3.9161876687481048 0.34179400893454215 
0.0038447586892183003 3.649939355973732 1.039432817014261 
0.3931433759493017 0.04000840323981098 3.7523298783826164 
1.934445615219224 0.0011079713355434725 0.7566952679360425 
1.2545371322006802 0.2520020108559371 0.7062644303092626 
0.32849697003759487 1.8227565426316537 0.2561491751768682 
0.15489154678253209 2.627441036009659 0.07996913100207699 
0.013099332162831982 0.09007023501715225 5.397053324471543 
1.3925132280705732 0.0012209241203891667 1.197698509805278 
0.5629187735792603 1.330521469774243 0.4795539758738475 
0.031130377887359898 2.472643697746043 1.4068097550458811 
1.544647576102075 0.08561648361407319 0.8671042559794975 
0.749136939432777 0.9324927449256245 0.1208954195139424 
1.4232074715712881 0.15861817285650118 0.23139852891725002 
0.3587565010086293 1.865981966296789 0.11337094271948342 
0.026279826209087028 1.4943768664771724 2.877265973638795 
0.1846392195655508 2.3728300938402005 0.3861028818439757 
0.7873501841026761 0.7823547761159247 0.5148317331666928 
1.937157459602042 4.885195862839024E-4 0.3973274229218993 
1.890363887888355 0.005220009723219078 0.0954517490120471 
0.4652069269468991 1.338346807812338 1.0392480344218034 
0.5423419433225655 0.5394273229392459 1.6525904337458543 
0.47159157677761876 1.3702753042735052 0.4283498660671921 
0.011272448498411105 3.619726941220696 0.514773064992701 
