0.05124783103916792 1.2394607392722143 
0.9501341150417504 0.03910841890608405 
0.05277836263547535 1.093848479191259 
0.26654200651340904 0.5085147968549036 
0.599403176747105 0.26444700385310477 
0.28375383155617945 0.4889444770784994 
0.934296071553596 0.050398274078814594 
0.6277902750479589 0.23124894483873454 
0.05223038929843657 1.113478207856249 
0.6020416676084466 0.25108400751677706 
0.6167594454941461 0.2319722905283539 
0.2691730947450226 0.5011610124302727 
0.2787440834921483 0.491180480408395 
0.6021708305906389 0.24141648792938508 
0.6260693446944952 0.23194738504234355 
0.27337619433491045 0.4919600559217904 
0.6091313016167262 0.2320364742422332 
0.2693243144827473 0.49389403332678194 
0.6055460761982483 0.23371885173418847 
0.2707180929780627 0.49281789748313903 
0.9388746975570227 0.04692205335143544 
0.6032021393923184 0.23780051704611965 
0.9418976394972586 0.045032875820636774 
0.9455437534578826 0.040623742992762384 
0.6084243690727775 0.23224871127941288 
0.9424724797276292 0.04115682678154758 
0.9377137809951369 0.04968937078466033 
0.9473913228857322 0.04051701372653466 
0.6041822851103245 0.23548091725715956 
0.9486218633077437 0.03951566871611048 
0.9427895860311725 0.040646598754517545 
0.9377769005223154 0.04950189156797159 
0.9411918576139646 0.046886565818501355 
0.6033145768530677 0.23595515332666248 
0.6271927638657859 0.23190174537900995 
0.9413025895262016 0.045908374341298776 
0.6087741387381379 0.23216522444134866 
