0.6150367972714232 0.6150367972714232 0.6150367972714232 0.6150367972714232 0.6150367972714232 0.6150367972714232 0.6150367972714232 16.582238885173897 0.6150367972714232 0.6150441080211833 
0.6150367972714232 0.6150367972714232 0.6150367972714232 0.6150367972714232 0.6150367972714232 0.6150367972714232 0.6150367972714232 0.6150367972714232 18.368139329118545 0.6172193144580893 
1.4249838935609076 0.7159254773683492 0.633763470285061 1.0469498257790528 0.6341101549391831 0.634890695856962 0.6337211201887096 0.6833059986013739 0.6702029274310418 0.6337421552190962 
1.7878032089101663 0.7154837360320634 0.6336235183545722 0.6335940253204803 0.6339113731521702 0.6431637079634296 0.6335997959317665 0.893052089537503 0.6360919675027884 0.634205369831868 
0.6150367972714232 0.6150367972714232 0.6150367972714232 0.6150367972714232 0.6150367972714232 0.6150367972714232 0.6150367972714232 0.6150367972714232 18.370530298863823 0.6171566695778534 
1.5073365079191097 0.7288369072602849 0.6152655525329381 0.8667584875003955 0.6154496476531534 0.6163854057960559 0.6150419886077217 0.6668979016405633 0.6158476346312982 0.6175269121396737 
1.917678422520355 0.7074576057081918 0.6150778059278122 0.6150367972714232 0.6154074997649268 0.6206280494866292 0.6150375680028137 0.669757543457368 0.6179386626226054 0.6166505804966362 
0.6337187649187277 2.7680514832052383 0.6337626379434302 1.0392561316376323 0.6346757656289225 0.6346673025868407 0.6337667511815452 0.6826944439476949 0.6697529717123425 0.6367546979746983 
0.6768681552872958 0.6768681552872958 6.409567650512762 0.6809641056018663 0.6769089319866755 0.6770622257218367 0.6768890508769376 0.6768683363105089 0.676898451158375 0.6768682834024226 
0.6768681552872958 0.6768681552872958 6.4082496481265085 0.6809631639037548 0.6769089226117226 0.6770621811031896 0.676889046072842 0.67686833626889 0.6768984441930648 0.6768685311658584 
0.6967083304886827 0.6967083304886827 0.6967083304886827 0.6967083304886827 0.6967083304886827 0.6967083304886827 0.6967083304886827 16.477340899621737 0.6967177638190878 0.6984388112177204 
0.6967083304886827 0.6967083304886827 0.6967083304886827 0.6967083304886827 0.6967083304886827 0.6967083304886827 0.6967083304886827 16.504910927742465 0.696717780299871 0.6978257505780054 
0.6967083304886827 0.6967083304886827 0.6967083304886827 7.751518840259046 0.6967083304886827 0.7003786518891856 0.6970175456419613 0.6967083304886827 0.6967083304886827 1.1977534792272768 
1.7650453185136563 0.7214993898372386 0.7214227584174228 0.7246087712147581 0.7234868503455186 0.7328359805758634 0.7221254881034449 1.4622331489196356 0.7217479381378802 1.3020810668228129 
0.6967083304886827 0.6967083304886827 0.6967083304886827 7.3929439134674935 0.6968956931185456 0.698207958785779 0.6983355613964354 0.7743635598632951 0.6969163353988318 0.7130138591719138 
1.185226381758543 1.039636290182193 0.7371649066415376 0.7571264961529034 0.732408164925102 0.7329752158423227 0.7462030221961856 1.3900159453735172 0.7610980244855216 0.8620901929711686 
0.7507170845727732 0.7507170845727732 0.7507170845727732 4.746176424463875 0.7762222895032841 0.7891456744574576 0.7518325297288111 1.504021495700714 0.7691524193379277 0.8067801980741345 
1.799667971654855 0.94909982399443 0.6967083304886827 0.6972343589330838 0.7224408981738072 0.698118719025985 0.6967083304886827 0.69846225423301 0.6969560885625141 0.6968483715440825 
0.7411655922777 0.7411655922777 5.317546100203362 0.7483235178142017 0.7431945914631514 0.7412400407133486 0.7590063366400099 0.7459083009730959 0.7776524789048885 0.8194746271807354 
0.7127463120920532 0.7127463120920532 0.7127463120920532 6.1791036911799555 0.7127598747164681 0.8446019559719766 0.7350036423211668 0.7462674074497823 0.7140626982872605 0.8446957776236611 
0.6535177161030312 0.6535177161030312 6.636624867260901 0.6535177161030312 0.653517918934513 0.6535587244225114 0.6535177161030312 0.6535177161030312 0.6535177161030312 0.6535177161030316 
1.6443353529762792 1.1857257967952584 0.6537321684389672 0.6535177161030312 0.6535177161030312 0.6535177161030312 0.6535177161030312 0.6535177161030312 0.6535177161030312 0.6535177161030316 
1.6697481314666411 1.1572026803288846 0.6535177161030312 0.6535177161030312 0.6535177161030312 0.6535177197752674 0.653570920789376 0.6535177161030312 0.6535892374931335 0.6535335516729739 
0.6535177161030312 0.6535177161030312 6.653517716103027 0.6535177161030312 0.6535177161030312 0.6535177161030312 0.6535177161030312 0.6535177161030312 0.6535177161030312 0.6535177161030316 
0.6622864953950239 0.6622864953950239 2.7938851645810936 1.2411907687390753 0.6623849372929983 0.662455659568571 0.6634389404439465 0.7282072321093813 1.1769972216438798 0.6640200658289745 
1.4940438559123945 1.0851079952337335 0.6562296542540164 0.6660071466539068 0.6561330983357058 0.656156953848279 0.6568558387287858 0.669229061747056 0.698077545062576 0.6561578544822817 
0.6535177161030312 0.6535177161030312 3.4620559292801376 1.4162667255491284 0.6535248634741301 0.6538143827734874 0.6552892397580042 0.6688813755935502 0.6842715726818301 0.6563692396018918 
1.0911338072536922 0.8775590446227591 0.6629694564136123 1.4190854160472535 0.6535248898867858 0.6538154790863173 0.6552957863111057 0.6665908173638913 0.6842715726818301 0.6563692396018918 
0.7034824845524194 0.7034824845524194 0.7034824845524194 5.334422039712275 0.7038967640067328 0.7052989095934746 0.7055613244997775 1.0464361282452839 0.9533999048001471 0.7605272964536182 
1.6697425368276848 1.1571999073991632 0.6535177161030312 0.6535177161030312 0.6535177161030312 0.6535177215832156 0.653570920789376 0.6535177161030312 0.6535892374931335 0.6535335516729739 
0.6580583618522625 0.6580583618522625 6.628756057433456 0.6580583618522625 0.6580585054191781 0.6580583618522625 0.6580583618522625 0.6580619724344409 0.6581830246538573 0.6580583904772144 
0.6580583618522625 0.6580583618522625 6.612362437580148 0.6580583618522625 0.6580583618522625 0.6580583618522625 0.6580583618522625 0.6581986680633353 0.6581431645570194 0.6580584035627497 
0.6580583618522625 0.6580583618522625 6.613202069343001 0.6580583618522625 0.6580583618522625 0.6580583618522625 0.6580583618522625 0.6581986878482756 0.6581431765152673 0.6580583715616678 
0.6580583618522625 0.6580583618522625 6.517389195056975 0.6580583618522625 0.658108888509786 0.6580583618522625 0.6580583618522625 0.6605240731799076 0.6581272869804494 0.6580583618522629 
0.6580583618522625 0.6580583618522625 6.6153666194486025 0.6580583618522625 0.6580593515631551 0.6580583618522625 0.6580583618522625 0.6581988015454454 0.6581116290150167 0.6580583619895555 
0.6580583618522625 0.6580583618522625 6.552495601857611 0.6580583618522625 0.6580884244970846 0.6580583618522625 0.6580583618522625 0.6593574955790158 0.6581116319174475 0.6580583618522629 
0.6580583618522625 0.6580583618522625 6.615996806912185 0.6580583618522625 0.6580585051123787 0.6580583618522625 0.6580583618522625 0.6581987775527597 0.6581116199148667 0.6580583715616678 
0.6580583618522625 0.6580583618522625 6.613683022229084 0.6580583618522625 0.6580610820146372 0.6580583618522625 0.6580583618522625 0.658198803115529 0.6581116296105315 0.658058361921201 
0.6580583618522625 0.6580583618522625 6.635074525926133 0.6580583618522625 0.6580622706924827 0.6580583618522625 0.6580583618522625 0.6580583618522625 0.6581197970234206 0.6580583939133337 
0.6580583618522625 0.6580583618522625 6.5008704544745655 0.6580583618522625 0.6581087460640406 0.6580583618522625 0.6581128686343575 0.6605240731799076 0.6581272869804494 0.6580583618522629 
0.6580583618522625 0.6580583618522625 6.030225388129015 0.6580583618522625 0.6581198128780543 0.6580583618522625 0.6580604609320498 0.7309269870573851 0.6582224713857308 0.6580610781607995 
0.6580583618522625 0.6580583618522625 6.497837439298902 0.6580583618522625 0.6581087199094978 0.6580583618522625 0.6580583618522625 0.6615295180311918 0.6581272869804494 0.6580583618522629 
0.6580583618522625 0.6580583618522625 6.510497804077572 0.6580583618522625 0.6581317033810777 0.6580583618522625 0.6580583618522625 0.6605228018117291 0.6581552799340605 0.6580583618522629 
0.6580583618522625 0.6580583618522625 6.599305897395936 0.6580583618522625 0.6580583618522625 0.6580583618522625 0.6580583618522625 0.6583971992256564 0.6581431765152673 0.6580583715616678 
0.6580583618522625 0.6580583618522625 6.61224737863329 0.6580583618522625 0.6580585050222229 0.6580583618522625 0.6580583618522625 0.6582438629316256 0.6581116199148667 0.6580583715616678 
0.6580583618522625 0.6580583618522625 6.604525755399546 0.6580583618522625 0.6580583618522625 0.6580583618522625 0.6580583618522625 0.6581984834010859 0.6582311378397451 0.6580584035627497 
0.6580583618522625 0.6580583618522625 6.6136164404527005 0.6580583618522625 0.6580610819842267 0.6580583618522625 0.6580583618522625 0.6581988015454454 0.6581116290150167 0.6580583619895555 
0.6580583618522625 0.6580583618522625 6.585491280516395 0.6580583618522625 0.6580583618522625 0.6580583618522625 0.6580583618522625 0.6581428365136137 0.6587078145874089 0.6580584035627497 
1.8858401729450132 0.6973064350810441 1.0224987757117703 0.6952607382267427 0.6944106681823109 0.6945346961057126 0.694328761650737 0.6989602351985412 0.6942916793771022 0.6942782266331075 
0.6580583618522625 0.6580583618522625 6.629143792326438 0.6580583618522625 0.658058416636413 0.6580583618522625 0.6580583618522625 0.6580619724344409 0.6581830246538573 0.6580583904772144 
0.6602421419018797 3.7582253998409723 0.6602429571611755 0.8104086916433847 0.660242143471033 0.6604216161341574 0.6603081386880921 0.6603463623571862 0.6602421419018797 0.6714323768879533 
2.1409169920210207 0.6872810002867804 0.6745652133061031 0.7696557434782694 0.6745636222363581 0.6746976850813601 0.6746387165859891 0.6747511471273928 0.6745553777155148 0.6950618276300397 
0.6602281048631249 0.6602281048631249 0.6602281048631249 0.6602281048631249 0.6602281048631249 0.6602281048631249 0.6602281048631249 0.6602281048631249 0.6602281048631249 20.660228104863126 
0.6602421419018797 3.758064562100021 0.6602429571188498 0.8104008954590234 0.6602421434709516 0.660424968361219 0.6603081386880921 0.6603463623571862 0.6602421419018797 0.6714323768879533 
0.6602421419018797 3.7527651140481626 0.66025446665052 0.8104009926912299 0.6602421434709527 0.6604249684796045 0.6603081387308269 0.6603463255464171 0.6602421419018797 0.6714323768879533 
1.8786979644592374 0.7519388648482653 0.8289048906097836 0.755449420799898 0.7238082176875669 0.7240186772072688 0.723958301490102 0.7440431147544948 0.7238088146398751 0.724213134857648 
2.0367727143982024 0.6930785834335501 0.7455353865002363 0.6776949036289605 0.6762212139449777 0.676345443992038 0.6762719300981835 0.7117164066372741 0.6762212101180716 0.6762684438392635 
0.7230130663354529 0.7230130663354529 5.136146156211705 0.7230130663354529 0.7230390189467558 0.7230240039776031 0.7230130663354529 1.2771973411731774 0.7230155137800819 0.7230130663354533 
0.7238082138238933 0.7238082138238933 5.800009967935399 0.7554564813276166 0.7238082176884291 0.7240187241707918 0.7239583349811799 0.7440476300398634 0.7238082255933971 0.724213134857648 
2.233913970818479 0.5850713435654087 0.5710517013033701 0.5713211110737152 0.5737714217211068 0.5710932028874997 0.5736025842321455 0.571060951236217 0.5707261538783589 0.5710664418263205 
2.264402812165186 0.582844571756246 0.571148109073735 0.5713198388118108 0.5726472026397091 0.5710953821314879 0.5721421873973548 0.5710909584929434 0.5707261578946589 0.5710664458426205 
2.2391126268289274 0.5851163467970196 0.5709641567487114 0.5730104264386718 0.5726519966553157 0.5709848461622876 0.5719278887599726 0.5711606567025391 0.5707263195217903 0.570993957003977 
2.274238623935433 0.5711607150685636 0.5712025583619007 0.5791955965231329 0.5764951299705823 0.5704893539141206 0.5756071027551789 0.5706012238121277 0.5704240209185482 0.5704238341442899 
2.2164609169554548 0.5916757642769828 0.5711322358140409 0.5711123655298906 0.5728462166545687 0.5710945650612615 0.5724893642617753 0.5712576192551208 0.5707261578946589 0.5709588882073352 
1.6348359903171836 0.6927540707467739 0.6386541576781427 0.9958169995506339 0.646440531720293 0.6388690406720912 0.6403887092975179 0.638719516368719 0.6386337388647316 0.6384432992030206 
2.246730370116966 0.585181633825128 0.571116126207568 0.5712085705857082 0.572639427774704 0.5710936786653938 0.5727168685782708 0.5712569986273254 0.5707258989948774 0.5710390487781206 
2.2378731351329617 0.5851056560359924 0.570963980052663 0.573008729510602 0.5726505660149385 0.5710453621457287 0.5719278887599726 0.5711606567025391 0.5707263195217903 0.570993957003977 
2.2300897360590337 0.5918492541994043 0.5712128434022014 0.5713249115231146 0.5726636170217649 0.5710985369709071 0.5716466659374436 0.570755983480946 0.5707338987304192 0.5708795518927321 
0.5707261578946589 4.2439577318752635 0.5711159034755999 0.5713175100202865 0.5726396670888927 0.5710939338008301 0.5722249501688461 0.5712560486473547 0.5707261578946589 0.5714376939793635 
2.207517109920418 0.5711318564867964 0.5710733903283874 0.5958665508340394 0.5764681900775072 0.5704891773189059 0.5762269889550383 0.5706078657222674 0.5704240202639547 0.5704486231937506 
2.2217776510753535 0.5711380244972056 0.571079049046479 0.5907855392593685 0.5761827899013916 0.5704890724909091 0.5762176872984722 0.5707503890697427 0.5704240202639547 0.5704486231937506 
0.5707261578946589 4.2229134720714665 0.5711136705896254 0.5713141221130673 0.5726287044300433 0.571091826781013 0.5735903810822764 0.5712560486473547 0.5707261578946589 0.5714376939793635 
2.233956755231665 0.58507187680072 0.5709634217521475 0.5730033677844943 0.5726460456690274 0.5709840472285173 0.5724899079060787 0.5711916322074081 0.5707263195217903 0.570993957003977 
2.22017284156885 0.5711373303803672 0.571078412242834 0.5960632390265193 0.576514917089955 0.5704895676382755 0.573099850502613 0.5705798310138959 0.5704725198947701 0.5704486231937506 
1.6646176138580264 0.6825082118208339 0.6375682245872532 0.9160832421616909 0.662376860310834 0.6373498447567622 0.6397579388665023 0.6375217209596709 0.6377950511685433 0.6375129718623004 
2.228535588758333 0.5850251186050472 0.5708944100838298 0.5729926397053345 0.5733124223686986 0.5709836793964339 0.5728133744586547 0.5711916322074081 0.5707263195217903 0.570993957003977 
0.5704237761542302 0.5704237761542302 0.5704237761542302 8.011343884787568 0.5764951299705823 0.5704893539141206 0.5756071027551789 0.5706012238121277 0.5704240209185482 0.5704238341442899 
0.5845375685118555 0.5845375685118555 0.5845375685118555 7.849590959636554 0.5934938706895534 0.5846585933820669 0.5871856825540436 0.5853228067966622 0.5851796527808095 0.5851230328790323 
2.2108811714311583 0.571133311520388 0.5710747252199266 0.5959188331671609 0.5764806107378415 0.5704891970893354 0.5755947071795681 0.570580169798248 0.5704240202639547 0.5704486231937506 
2.1832568787016813 0.5846345844284907 0.5710299575009812 0.581331144217692 0.5726460456690274 0.5709840472285173 0.5724899079060787 0.5711916322074081 0.5707263195217903 0.570993957003977 
2.2305407655154497 0.5918549956407433 0.5712129756875564 0.5713250742695598 0.5726641436400108 0.5710986381867795 0.5716469161395377 0.5707559915877998 0.5707339008344458 0.5708585997689724 
0.5846341324567514 0.5846341324567514 0.5846341324567514 7.870558502006119 0.593616164216801 0.5847174421523681 0.5872877553194532 0.5854210042576011 0.5852775524412133 0.584898213944061 
2.2547171577436513 0.5851014560749297 0.5712502017771655 0.5718541862435109 0.5711920027144515 0.5710939805372752 0.5722557543897864 0.5712706804048165 0.5707261578946589 0.5710664458426205 
2.2444296790053606 0.585161798058159 0.5711155985641129 0.5713171771529219 0.5726391508839223 0.5711115616979886 0.5726600575955152 0.5712568987750565 0.570725907027448 0.5710661949754096 
2.2063873255993087 0.5711313678292218 0.5710729420192449 0.595848992367869 0.573886889247921 0.5705330685402192 0.5761781458946621 0.5707481600515786 0.5708619749640277 0.5704486231937506 
2.2544053423484285 0.5850987942796565 0.5713067242727343 0.5718547942394278 0.5711922538001166 0.5710941787899744 0.5721486661684386 0.5712706804048165 0.5707261578946589 0.5710664458426205 
2.218483170373359 0.5849386798471335 0.5709115543600047 0.5748005530810413 0.5726427982016755 0.5709838422552792 0.572751446065187 0.5710659701040247 0.5707265863510591 0.5712615323385076 
2.2177649166765896 0.591692571253735 0.571132767727756 0.5711128817019026 0.5728481064239352 0.5710419933204873 0.5724899175396733 0.5712579328713228 0.5707263681039624 0.5709389510109936 
0.5738112774035985 0.5738112774035985 0.5738112774035985 7.984089883860105 0.5809809406568844 0.5738812452027761 0.5758661451729331 0.5740888117530063 0.5738324975128334 0.5743916345932945 
0.5707261578946589 4.179156746701913 0.5711090278139098 0.5727320502666772 0.5741689507935069 0.5710939338008301 0.5722249501688461 0.5712560486473547 0.5707261578946589 0.5714376939793635 
2.224325782462062 0.5849890730605919 0.5709122102192109 0.5737849817172014 0.5726409322093934 0.5709835917414691 0.5730892538456561 0.5710661129951157 0.5707265863510591 0.5711872372158057 
2.2744935421462324 0.581553366586682 0.5711176255211381 0.5713201525532164 0.5720690334543013 0.5711122893085873 0.5726629300796506 0.5712578276969089 0.5707261004548445 0.5709094308695412 
2.2048931013789432 0.5711307215430504 0.571072349096891 0.5958257699837961 0.5764585018126809 0.5704890724909091 0.5762176872984722 0.5707503890697427 0.5704240202639547 0.5704486231937506 
2.261916231501209 0.5853128703246328 0.5712526930329969 0.5713247175392572 0.5711920027144515 0.5710939805372752 0.5722557543897864 0.5712706804048165 0.5707261578946589 0.5710664458426205 
2.1994533914813 0.5737893382750683 0.5736003933378113 0.6087516293380009 0.579212914671647 0.5731770627129161 0.5757999166732969 0.5734961240670031 0.5731314825650774 0.5731729806400558 
0.5845375685118555 3.838733772944182 0.5850203837695533 0.6149886196903006 0.5934938706895534 0.5846585933820669 0.5871856825540436 0.5853228067966622 0.5851796527808095 0.5851230328790323 
2.212524116026128 0.584886857544646 0.5711084207418301 0.5750851605023658 0.5726445962645083 0.5710948811869384 0.5724908772475604 0.571258075295604 0.5707261578946589 0.57087881393654 
1.6623101649101375 0.6824065515393217 0.6377904074444881 0.916549455255636 0.6624188806830058 0.6373500203879059 0.6397621407897213 0.6373881841704155 0.6377950511685506 0.6375129718623077 
1.6336309360295425 0.6926883115969502 0.6387117396374822 0.9958169995506339 0.646440531720293 0.6388690406720912 0.6403887092975179 0.638719516368719 0.6386337388647316 0.6384432992030206 
2.1921046485928275 0.5711251902445502 0.5710672745174372 0.5956270191147837 0.5764112847722818 0.5705330685402192 0.5761781458946621 0.5707481600515786 0.5708619749640277 0.5704486231937506 
0.5707261578946589 4.24810215998865 0.571116343217149 0.5713181772301602 0.5726418260601255 0.5710943487544682 0.5720077148319477 0.5712560486473547 0.5707261578946589 0.5714376939793635 
2.2762487712248167 0.5711615845032695 0.5711006637039951 0.5791955965231329 0.5764951299705823 0.5704893539141206 0.5756071027551789 0.5706012238121277 0.5704240209185482 0.5704238341442899 
2.258456679360651 0.5852830312822931 0.5711501125572805 0.5713226576923065 0.5726563240303532 0.5710971352600956 0.5718852822451574 0.5708213867403557 0.5707261578946589 0.5710664458426205 
0.5761400471527133 4.174578713144046 0.5765500759495726 0.5783247540943837 0.5795087334600703 0.5762595839642997 0.5782764186239094 0.5767730498153898 0.5762413361676372 0.5764803351006749 
2.2589946584906424 0.5852876714152887 0.5709765386070018 0.5707261578946589 0.5726272922184583 0.5714761441046761 0.572936954903505 0.571256147184276 0.5707579987279962 0.5710664458426205 
0.5707263195217903 4.219057060847467 0.5709633302094361 0.5730024886397829 0.5726453044826778 0.5709839477225235 0.5725747257644995 0.5711916322074081 0.5707263195217903 0.570993957003977 
2.26913024898466 0.5823501110167275 0.571148503479003 0.5714432790362581 0.5726513894699496 0.5710961868390327 0.5717492824905791 0.5710909584929434 0.5707261578946589 0.5710664458426205 
2.2382532380798525 0.5711451505656373 0.5710855867157889 0.5963442342789358 0.5734255724545416 0.5704895676382755 0.573099850502613 0.5705798310138959 0.5704725198947701 0.5704486231937506 
1.637059622641859 0.6928754131399679 0.6386996823339715 0.9969533046218437 0.6464661629634733 0.6384834447698857 0.6403851116776055 0.6387189051702207 0.63862406301565 0.6385736807248766 
2.2443388834490117 0.5851610069725642 0.5711155693933156 0.5713171370477997 0.5726390390703391 0.5710936039565289 0.5727164641429804 0.5712568907424859 0.5707258989948774 0.571066186942839 
2.2523045881751362 0.5852297200719316 0.5711174320937416 0.5713199591258199 0.5720688400269047 0.5711120958811907 0.5726627366522541 0.5712576342695124 0.570725907027448 0.5709092374421446 
1.6802762247421943 0.6830851069614449 0.6374262544241313 0.9200816379292818 0.657518201070709 0.637232361810227 0.6395084374536697 0.6375192872995685 0.6371711530789299 0.6372471194891326 
0.5707261578946589 4.206989501578363 0.5711119809882469 0.5713115585192373 0.5743958745570971 0.5710931200070354 0.5722216337257843 0.5715786584507412 0.5707261578946589 0.5714376939793635 
0.5707263195217903 4.220466187547034 0.5709634217521475 0.5730033677844943 0.5726460456690274 0.5709840472285173 0.5724899079060787 0.5711916322074081 0.5707263195217903 0.570993957003977 
2.244890458380047 0.5851660210376767 0.571146704748649 0.5713178629410315 0.5726408090769923 0.5710941532906081 0.5723385163965079 0.5712566557959566 0.5707338853302759 0.5710664458426205 
