0.9999998932288343 8.974429444871325E-7 
4.185774684490034E-10 0.99998150554792 
0.42957297738127587 0.3446277654142611 
0.4556166007493428 0.3250120650144833 
0.6755431570190052 0.17872770657245177 
0.26779332079757173 0.48251758296477043 
0.7074612214100591 0.1598387569895855 
0.004329395937802433 0.9354115132214222 
0.8373229664886103 0.08495401203832924 
0.9571886359954923 0.021649873813139524 
0.6197219805508007 0.21402961321113387 
0.18429778224540977 0.5708018283381417 
0.3935749863576228 0.372660345736769 
0.002058363291986637 0.9546339094281738 
0.929465840255851 0.03718642681564299 
0.8157496891444849 0.09681801543236779 
0.7352937817464057 0.1425240183015233 
0.5692151807727535 0.2455389021762789 
3.9522100184199993E-4 0.9810323309705862 
0.28850120467403684 0.4629374355323469 
0.023453370601635742 0.8468788070933881 
0.03209500053137965 0.8212760539268786 
0.47677588556344414 0.317491029982775 
0.0999721264909024 0.6843704282784615 
0.35305020536742165 0.411652106897785 
0.9907545407492766 0.0047620749754526785 
0.9716104265947182 0.014313480321631902 
0.600530524566762 0.2251388103351543 
0.7546001674627155 0.13132974339019768 
0.9031361694702267 0.05702729451529381 
0.7239554475257752 0.14914566275683652 
0.4905045485079029 0.2997230285138461 
0.5872883473925355 0.2336649408876495 
0.414720355156269 0.3560741266405985 
0.2283493823201601 0.5221434919975338 
0.10827256218662223 0.6709568862188108 
0.3115298739632612 0.44185286369957527 
0.35854335793455344 0.4012303098466646 
0.17600979366432903 0.5826274674414393 
0.33497628713032607 0.4212422636124556 
0.008694059625439066 0.9070604233404217 
0.21595124810546384 0.5358178807739414 
0.06378849643658713 0.7477139074941686 
0.32033932994745196 0.4340695976596833 
0.11509641768751444 0.6607440023214346 
0.19834223702417653 0.5548967517982232 
0.7705391926431177 0.1221987935574021 
0.797364418957173 0.1070489687677023 
0.5202200643076209 0.27875804528438536 
0.040941757598416895 0.8028133840892674 
0.3869274993838172 0.3779663279208357 
0.05635794108514375 0.7626410140905462 
0.3001427168982349 0.4522982134402405 
0.6519885532901328 0.19589850814954074 
0.3705158285022763 0.3913040372163057 
0.05029648108821305 0.7757352619850707 
0.6383449508472869 0.2046441038980708 
0.12669440677779298 0.6444537271086427 
0.8838568603591646 0.05986919101026218 
0.546504571745589 0.26088878242150537 
0.4641619526451938 0.31871073087526586 
0.8060488658682713 0.10227276424307731 
0.13534329438453124 0.6341584235631545 
0.6338623792311867 0.20757520107069832 
0.12207283467159738 0.6506379736558915 
0.021208525248483046 0.8566357840250324 
0.07210951625479088 0.7314877009249895 
0.3300548441003614 0.42553553245542697 
0.03509762653985138 0.812858418033353 
0.7094353478096485 0.15772990016642213 
0.15744721444331516 0.6032137491004265 
0.21129484380136876 0.5404281845746395 
0.41563511341960213 0.3553219804603581 
0.5063068992586497 0.28847881351349114 
0.9268403431057047 0.039974752477564136 
0.04502781501205688 0.7907766715150979 
0.6549444953151525 0.1908584235001746 
0.5582135355055807 0.2528860794868963 
0.07667596033753568 0.7238232290179493 
0.8640619011377884 0.07705411768969019 
0.09093555792282343 0.6985721452106146 
0.761832499948722 0.12717857823357484 
0.012880233772856499 0.8866666712365409 
0.020469133724470567 0.8716348616316004 
0.009097971913849145 0.9046387761542227 
0.1682363018016558 0.5920093765120696 
0.49617095909467324 0.2963142835498183 
0.23902350878179007 0.5111123911528239 
0.15198415475862986 0.6101531494947454 
0.2582764211082287 0.49179728944217804 
0.6679580533693791 0.18659511948867627 
0.202900829331839 0.5495576084932638 
0.5370422675491495 0.26730553634517457 
0.8791343350864143 0.062385637622701516 
0.14682732081020994 0.617002160001437 
0.784976653549148 0.11418723201384531 
0.24809601797517394 0.5019848529997305 
0.7848493170246229 0.11718744457157398 
0.06017703465579986 0.7547152570425703 
0.1674074353026662 0.5985550293657629 
