0.7764242187368169 0.7764242187368169 6.570325494410429 0.7764399161614156 0.7764862004688518 0.777432752224818 0.776694982721765 0.7764634003558909 0.7766940730942152 0.7764333652410067 
1.2803702146560845 2.0114356084212344 0.7828592171621056 0.7810358884962504 0.7810975291952436 0.7818657815866156 0.781117090813036 0.7811594644300606 0.7811536425670093 0.7810354077360582 
0.7814375828292303 0.7814375828292303 0.7814375828292303 0.7814375828292303 0.7814375828292303 0.7814375828292303 14.655262411591924 0.7815490384623329 0.7815497631722033 0.7814422296025747 
1.3611269925044056 0.8746915065151563 0.8750328874243017 3.4353999424138824 0.8745794962600714 0.8754713027206623 0.8746428092493694 0.8745866438539391 0.8746782553850183 0.8745658345473256 
1.2840987600014984 0.9026221028866966 0.9095065043157352 0.9073279385439027 0.9026228589900378 0.9187725471933127 0.9027504502917789 6.116826074238308 0.9028876505146922 0.9026210672019234 
0.9301209327092906 0.9301209327092906 0.9301209327092906 0.9301209327092906 2.0832193861237758 0.9524917147661025 0.9301913708018414 1.871836101273165 1.164812378476912 8.919647491843268 
1.1653737901665053 0.8779966560253535 0.8966769455998693 0.8729605997215191 0.885720513493033 5.092955630026739 0.8733516913478523 0.872976754150084 0.8731049526851656 0.872961661255715 
0.9320319661074713 0.9320319661074713 0.9320319661074713 0.9320319661074713 5.801358386140296 0.9597385105419388 1.0346056329418556 1.0724772951064296 0.9321313662345452 4.751701472191677 
0.7815104118013445 0.7815104118013445 0.7815104118013445 0.7815104118013445 9.176544321914758 0.7821672674242829 0.7820042249978282 0.7816224425508724 0.7816129513257127 2.274550454506553 
0.9717271060548193 0.87462607508036 0.8814800446190769 1.4930725680921804 0.874598630941308 1.693297058396334 0.8747408862226417 0.8746094191006704 1.5446490162274875 4.859710504300371 
1.1944430848209957 0.9160877214856296 0.9399672207221028 0.9116519748073455 0.9116519736899804 3.4107309574295614 1.202886218254225 0.9116664279776047 1.0046419735975822 0.9116584065957752 
0.7935898165455753 0.7935898165455753 0.7935898165455753 0.7935898165455753 0.7935898165455753 0.7935898165455753 0.7935898165455753 0.7935898165455753 12.282448438762556 4.93332158009658 
0.8584252812781177 0.8584252812781177 0.8584252812781177 0.8584252812781177 0.8584252812781177 0.8584252812781177 3.453787499735438 0.8827554216470691 2.452180704402762 8.237070276003028 
1.1663396236242793 0.9497713412247345 0.9686976489689576 0.9745126090254537 0.9513471777991865 0.9709809179050471 0.9868329370197513 1.0693648724240787 5.225958049635153 0.9466123354218482 
0.9199302100715856 0.9199302100715856 0.9199302100715856 0.9199302100715856 3.6983155131728944 0.9510692309966302 0.9353820591271338 3.262652490879365 0.9684801091101376 2.0333023930898584 
0.9042777999378274 0.9042777999378274 2.151777640246444 0.9422455739571387 0.9075712393398048 0.904455421664694 0.9045593961823972 5.022401677980651 0.9043354422176527 1.374869627793131 
0.8624666701016455 0.8624666701016455 1.8686584610768164 0.8624670119152529 0.8624828807997326 0.8625538627547441 0.8920355364494493 3.8759386058224337 0.9818766429662656 4.561735603217398 
0.9253712252918225 0.9253712252918225 0.9253712252918225 0.9253712252918225 4.66556462994066 0.9257571656388774 0.9255671989812587 0.9664130403048357 0.925459628593129 8.9148977844258 
1.2001233010894656 0.8528940589593557 0.8623766062053314 0.8570327262377606 0.8597058237934032 0.8531396086245848 0.8530000202007648 5.6276851897886715 0.8531242115680624 1.298583245477775 
0.8965421200487644 0.8965421200487644 0.8965421200487644 0.8965421200487644 0.8965421200487644 0.8965421200487644 7.763337131167331 1.875054007101212 1.031072526809809 1.3758166737579125 
0.8256120375463349 0.8256120375463349 0.8256120375463349 0.8256120375463349 0.8256120375463349 0.8256120375463349 0.8256120375463349 0.8256120375463349 7.738634097473421 8.861920862420945 
0.8053717337769558 0.8053717337769558 0.8053717337769558 0.8053717337769558 0.8053717337769558 0.8053717337769558 0.8053717337769558 0.8053717337769558 14.407977483568928 4.5684712943986545 
0.8650686255219472 0.8650686255219472 0.8650686255219472 0.8650686255219472 0.8650686255219472 0.8650686255219472 9.245291096162214 1.0776432951832964 0.9705743696703965 3.037662307046516 
0.8880576364233763 0.8880576364233763 4.399252712573505 0.9949211861261216 0.8882454995653724 0.8888126820969114 0.8882474724658542 1.189093659144229 0.8881163942106723 1.137567359412076 
0.963064425715868 1.0946371079306343 0.8865113341376581 0.8731972404521475 1.0995948048253068 3.32909210513105 0.8732839360708524 0.8733132512766394 0.873344183156205 1.6627428562298479 
1.0241056832399837 0.8795548890099502 0.9014856403286289 1.9640797459142085 0.878558425056981 2.3154583188764173 0.8789343776548245 0.8785776079551836 0.8788849109757667 2.372656378821699 
0.9089500309344899 0.9089500309344899 0.9089500309344899 0.9089500309344899 2.6361772551189775 0.9089881576243264 0.9459817349714968 2.3086652409744373 1.4100100094592176 4.911976156420863 
1.0972854725031738 0.8296760701605594 0.829938204786143 2.2312624408916406 0.8296608413718474 2.1483233352980546 0.8297357080802501 0.829703173842358 0.8298066921973853 0.829653350120658 
0.8468244236628656 0.8468244236628656 0.8468244236628656 0.8468244236628656 0.8468244236628656 0.8468244236628656 5.746069696059072 0.8927522422662255 3.8553442620769465 1.1181346969792711 
0.9022318779753397 0.9022318779753397 3.6545800777433413 1.1765616826485774 0.9108199357004738 0.9026950489821151 0.9029661756223812 0.9697244348962453 0.9022827008271296 3.835862436083788 
0.8050411377389214 0.8050411377389214 0.8050411377389214 0.8050411377389214 0.8050411377389214 0.8050411377389214 0.8050411377389214 0.8050411377389214 11.433583690411519 5.646403959891457 
0.9139226469730165 0.9139226469730165 2.0085839383418977 0.9283498821240692 0.9139492364698122 0.9281396856286047 0.9139916725962336 4.4871963943127575 0.914009783419267 4.231837970394158 
1.1689189360354098 0.9142545604983058 0.9307101714377 0.9097918481514014 0.921063843615905 4.648031838364401 1.014020512315252 0.9098078314880811 0.9098496637092454 0.9097928310162099 
0.9108256253551024 0.9108256253551024 0.9108256253551024 0.9108256253551024 0.9108256253551024 0.9108256253551024 6.808227320122812 1.7484123451684424 1.0442864557679565 4.136425211123422 
1.1243681447516123 1.1092310038900277 0.9590741528837768 0.9139358814675874 0.9139358777338942 2.0360853093881954 1.1892354632842426 0.9139514040300798 0.9141425772056585 2.6954918114810447 
0.8023130653587811 0.8023130653587811 6.033864476863095 0.8023274048715888 0.8023698415018237 0.8032237458540631 0.8025575584597546 0.8023484453800583 0.8959403890513421 0.8023222118629709 
0.9990812632655953 0.9916188654865384 0.9492657053733553 0.895341111995867 0.8953425763241226 4.230694565657288 0.948184664285141 0.8953760943677865 0.8959924433416546 2.238357276192372 
1.0548634334676443 1.2527009516201848 0.9397553928789766 0.9325752995515633 0.9197659082069753 2.556933316134348 0.9198760818396905 0.9198017644069284 1.050338895423589 1.7092814271714214 
0.897214870463095 0.897214870463095 2.579443023159382 0.907007610277539 0.897298742205327 0.9238871268094754 0.9764186164629616 1.3314669719959222 1.2200805392617424 4.615641516140001 
0.8128945246242956 0.8128945246242956 0.8128945246242956 0.8128945246242956 0.8128945246242956 0.8128945246242956 0.8128945246242956 0.8128945246242956 10.869192361987771 6.4543805073790494 
1.7504435200002637 0.9015523661327328 0.8885876965556848 1.1883003997371433 0.9979211684290771 0.8881491424452412 0.8884848985263291 0.9711565662460087 0.8876949349909135 0.8875774379738425 
0.9289117960988444 0.9289117960988444 1.6702088765638847 0.9354785943077464 0.9289204443204915 0.9826489112335483 0.9600009364261135 4.2939737429845835 1.0011581134540064 4.065893037030937 
1.060464226592789 1.0499540350570018 0.9434896506037617 0.9143545045009069 0.9190046768552 3.839390684613387 0.969558016411563 0.9658373559900963 0.9147647682905052 0.9145132618773396 
1.207366555605259 1.7610689879907637 0.82991009447149 0.8291887620115319 0.8293216177943155 0.8867903171780573 0.8292232763442555 0.8291770687402388 1.0856004932227719 0.8291775756004995 
0.8352231255886967 0.8352231255886967 5.420463604417563 0.8352352262215414 0.8352636721977474 0.8998383729651289 0.8352893805564873 0.8352574522154774 0.8354021178302142 2.087493077201256 
1.8066416198336461 0.8970389710663846 0.8994209286416043 1.0358452684145343 0.9182789156257608 1.2790365650242983 0.8968538326514007 0.896578255381383 0.9264472721169579 0.8966959353943877 
1.4865676066394715 1.569265036242904 0.8968193048332408 0.8953517270282211 0.8953478765715426 0.8961759406730332 0.9596503246720658 0.8953458036530738 0.9730191707174747 0.8953443774004654 
0.8529371447009327 0.8529371447009327 0.8529371447009327 0.8529371447009327 0.8529371447009327 0.8529371447009327 0.8529371447009327 0.8529371447009327 9.977068494123744 7.912463531738827 
1.058196460028446 0.8675168314296615 0.8676975979682277 1.8657954221757296 0.8909441438699758 1.9147397492113605 0.8675662362810511 1.2150552099088041 0.8676546465203039 0.8675013044435765 
1.2661802253334327 1.9348671491151215 0.8111195682444181 0.8094518158832588 0.8095081970630288 0.8102108979878102 0.8673293205938286 0.8094611474424039 0.8095696109751629 0.8094513761442118 
1.2962931303994667 0.872476799082225 0.8857528982489344 0.8794235374571957 0.8724141146413029 1.5412036965951463 0.8726216089422683 0.8724020482355321 2.209262242722515 2.569687064439223 
0.8569895192347955 0.8569895192347955 0.8569895192347955 0.8569895192347955 0.8569895192347955 0.8569895192347955 4.640871366205112 0.892461398967651 3.180588965656731 4.8385346295002964 
1.0669396606609836 1.2830846451545157 0.9465410606278379 0.9193076380447538 1.4280359756417595 1.0710179972251002 0.9193766421542134 1.0115486288019602 0.9193250572438059 3.885291463556148 
0.796828689167513 0.796828689167513 0.796828689167513 0.796828689167513 0.796828689167513 0.796828689167513 0.796828689167513 0.796828689167513 10.28086601200693 7.337847276203669 
1.3921690322341236 1.4598027812946968 0.9326732828014852 0.9239261777641389 0.908703142253418 0.9094389695134015 0.9703812567045886 0.9087233203770835 1.0538570890937682 0.9086408610217467 
1.1343231691391966 0.9083953975347641 0.9401691391111483 2.4587176775552204 0.9084252889450671 0.9087458175016438 0.9085327182842253 0.9696404497316014 1.130164818244524 3.6102383983241215 
0.81874501804387 0.81874501804387 0.81874501804387 0.81874501804387 0.81874501804387 0.81874501804387 0.81874501804387 0.81874501804387 15.809981146745773 3.0942647693877054 
1.0870801127130243 1.3743582247182915 0.9198979737327025 0.8908625173857652 1.5545932891255068 1.0298041058322112 0.8909465078586686 0.8908699795698952 0.8908811804828668 1.700568185239411 
1.306353026764053 0.8917626007370751 1.3912699617917572 0.9232823994360692 0.8915501991433432 0.89162859538268 0.8919053693149238 1.1962647776541813 0.9551410660014277 3.931984776899163 
0.8710337965206567 0.8710337965206567 0.8710337965206567 0.8710337965206567 0.8710337965206567 0.8710337965206567 0.8710337965206567 0.8710337965206567 17.21727314823983 1.428809629069767 
0.9150693142986988 0.9150693142986988 3.305205289487337 0.9454393014341606 0.9150862647054981 1.134154412240045 0.9423227983886228 0.9468094159081544 0.9150753811971952 4.908124307833249 
1.0428466856041378 0.8763685862663849 0.8858763369128478 2.1285099922046453 0.8718960180012452 2.535605787537363 0.8721833361339677 0.8719991714861408 0.8720074565620056 0.8719058962739279 
1.1301693591143556 0.8980724196755628 0.9332861570805975 2.639845215603744 0.8964580091244145 1.1389003408493439 0.8968373073772852 0.8964805376776442 0.8967878406982274 2.3905593085441597 
0.9224364690700385 0.9224364690700385 0.9224364690700385 0.9224364690700385 2.9849556581819146 0.9455523515635038 0.9328629850978474 2.6548298143531306 1.2787611204244391 4.46311757209391 
1.1113070383863914 0.893360185570729 0.9406402378285312 0.8933198295356275 0.8933209786725883 3.8214710609434484 0.9397117538307312 0.8933504046110278 0.8937046670098373 4.583675108060411 
0.9132605960635848 0.9132605960635848 0.9132605960635848 0.9132605960635848 0.9132605960635848 0.9132605960635848 10.012229882959032 1.5877132202678617 0.9132700642019627 1.209082935527268 
1.0180816670136108 0.8878830908000712 0.8906139908229699 1.6390932334025123 0.8878581599240003 1.594639256533346 0.8881097558103431 0.8878771808962591 2.300577404902754 1.5162624208643103 
1.0821656720300377 1.318327758919398 0.9286980310395286 0.9437272942923819 0.9208946480761115 2.7959443051719965 0.9210481806131244 0.9208769072373711 0.9208841228962812 1.7093441308715827 
1.2606010837871118 0.9247848978776747 0.9315822767846296 0.9156874203755266 0.9157127253327921 0.931851918089439 0.9157609891203929 4.979666163468706 0.9157815870634634 1.709548808939727 
0.9290929327041887 0.9290929327041887 0.9290929327041887 0.9290929327041887 3.299718298788644 0.9556619448557959 0.9475614825026165 2.958662110691333 1.2542576328976218 2.0388791187714252 
0.81271482183648 0.81271482183648 0.81271482183648 0.81271482183648 0.81271482183648 0.81271482183648 0.81271482183648 0.81271482183648 9.47838857776234 8.388118409046456 
0.7886814927868214 0.7886814927868214 0.7886814927868214 0.7886814927868214 0.7886814927868214 0.7886814927868214 0.7886814927868214 0.7886814927868214 9.026245368814235 8.655217841855237 
1.172667301841622 0.895913492941644 0.9209119289085558 2.7160055060588517 0.8958755688217673 1.221597203259614 0.8960505821657274 0.8957782561995439 0.9382727741392795 0.8958959722049129 
2.336080502040823 0.902102181665502 0.884821774362027 0.8831808984483768 0.8832939596811419 0.9286945606996305 0.883259264747288 0.8831830970717587 0.8833993970004554 1.1246121865619585 
0.9197029521098453 0.9197029521098453 2.799734992269664 0.9458443729181337 0.9198015558971835 0.951083411903032 1.012822913973351 1.4302537931515322 1.2992965986731773 1.7428087807124202 
1.0389359518241565 1.0308293305693084 0.9504135683683027 0.9262399893671178 0.9262399873675569 3.0598083137980505 1.1748788514519481 0.9262523275978805 1.0056294423501881 2.7077959216841494 
1.2834824469025483 0.9195413802195838 0.9338883053575858 0.9195423875101628 0.9421868902554181 0.9677914628878057 0.9196255909746335 4.125354771350307 0.9195869530754356 2.7949533537430096 
0.7869586447536105 0.7869586447536105 0.7869586447536105 0.7869586447536105 0.7869586447536105 0.7869586447536105 0.7869586447536105 0.7869586447536105 8.549808424554522 8.776260184456364 
1.0949073168902905 1.3557104420697648 0.9174875797031077 0.9167967158829129 0.9167772459608212 2.6221817912373657 0.9169188250864921 0.9167765582862922 0.9865271249038651 1.7063183244946114 
1.3368317737948805 0.8920359282452471 0.8926142319761914 0.8920350833269569 0.892036512104226 0.9081862003075009 0.8921641034059671 6.106239727352496 0.8923013036288804 0.8920347203161115 
1.0181141715952187 1.0315329662354098 0.9323551799355088 0.906165811725114 0.9061671946590327 4.318519127652865 1.1567412641397232 0.9062068496968454 0.9077200544512759 0.9061658771828629 
1.194060430021301 0.877098889190849 0.8993535133924986 2.8703611529989947 0.8989343161026458 0.8775680158253278 0.8773398690211597 0.8771062868078524 1.1181739404387478 0.8771033130113691 
0.9192194010722864 0.9192194010722864 4.546968303448815 0.9670318037727693 0.9193075196698616 0.9663352046404924 0.9194481545970855 0.9192599994563233 0.9192973402878707 4.237134724493428 
1.4468243736980695 0.8929244144526638 0.8938254546851464 0.9195541293764053 0.8927580778894411 0.9098242951384834 0.8926680670078198 0.9274060681360567 1.284885916768993 5.994666477054596 
1.2046727370287065 0.8890085633988957 0.906048974093381 0.8890060559242859 0.904973130895782 0.8892274597718272 0.9031860132537122 2.534908319125986 1.8804010850729762 2.102926441590228 
1.1824238881051992 1.6346817772205933 0.8939387128478091 0.8735212815330944 0.8907430643606808 0.9029992094641704 0.8735961153913641 0.873621453667122 0.8736494419952786 4.410278752478422 
0.8535951878876498 0.8535951878876498 0.8535951878876498 0.8535951878876498 0.8535951878876498 0.8535951878876498 3.7906296774051236 0.8536232720404905 2.4473506110122942 8.23224018261256 
1.191577824639358 1.6668016173507885 0.8686488871793333 0.8669923021375098 0.8799277504271898 0.9043708815115162 0.9263247228350766 0.9591540369421491 0.8675964138168317 1.0233302225798575 
0.8960545926140818 0.8960545926140818 2.9089979993771333 0.9077725222017159 0.8961549530023377 0.9279704433088202 1.1634861573029451 1.20251922917756 1.1162845946871618 2.101110765786934 
1.009823262538111 0.8885678969636317 0.8996246087146498 1.6833342560899314 0.8885337323563639 1.9406426408072117 1.00792611692206 0.9618843751961793 0.9243986449702865 2.0101619886160518 
0.8964907207843198 0.8964907207843198 0.8964907207843198 0.8964907207843198 0.8964907207843198 0.8964907207843198 7.430137804874711 1.8244410814383294 1.0243963507611769 2.275403938033252 
0.831464904153537 0.831464904153537 0.831464904153537 0.831464904153537 0.831464904153537 0.831464904153537 0.831464904153537 0.831464904153537 16.756935497020223 1.8317684654822464 
1.2318377674402083 2.104289772564859 0.7799706064535521 0.7811558809043309 0.7806728442675973 0.7799156719657632 0.7810272782017262 0.7800341657029972 0.7799213054776435 0.7799742493673795 
0.7623133237166045 0.7623133237166045 5.886487041477324 0.7646598545229955 0.7623261309940792 0.762423733779987 0.8505722608527231 0.7624092953970796 0.7623533121163235 0.762313389530656 
2.498940775011565 0.7670253878852866 0.7557668440259636 0.7569513802696897 0.7559001266199652 0.7556945346136991 0.7574653030375622 0.755803060822833 0.7557319068706013 0.7557477698885732 
0.7779121898746827 0.7779121898746827 6.510293621276657 0.7804879120152193 0.7779265137535741 0.7784315217527964 0.7779479566927199 0.7780246022957481 0.7779523963742405 0.7779122556887341 
0.7786973281807906 0.7786973281807906 0.7786973281807906 0.7786973281807906 10.495173177343561 0.7788264121296065 0.7797636240352773 0.7791760649878299 0.7786990541677972 0.778728964561299 
0.7709191110074357 0.7709191110074357 0.7709191110074357 0.7709191110074357 0.7709191110074357 0.7709191110074357 14.670831592091655 0.7710145160655262 0.7709583531592404 0.7709226911818489 
1.0935826362868237 0.8597583751246951 0.8516592977317706 0.8520219299992992 0.8762552738088741 0.8602216706528047 0.9058355287159328 0.871091111384939 0.8829815885138472 10.736790768731844 
0.7633189315633668 0.7633189315633668 0.7633189315633668 0.7633189315633668 0.7633189315633668 0.7633189315633668 0.7633189315633668 0.7633189315633668 18.733528099551194 0.7633227794834564 
2.2524664738261193 0.7628095566974333 0.7531145172257658 0.7540721151914977 0.7532402897103032 0.7530636477268733 0.9202015651972784 0.7531561655020337 0.7531015209002646 0.7531173839182365 
1.1957813593253963 0.8889822229565149 0.8857160219285203 0.886815045736175 0.8975150297457523 0.9085321176498414 0.9069988653975467 6.143225601222466 0.8857120141486214 0.8857114740841724 
1.2997265599654777 0.8840328772137045 0.8729704100577077 3.443064686264028 0.8737131331047131 0.8729447859310345 0.8729862291054277 0.8730664953845013 0.8729654279374135 0.8730040302376143 
1.16604085874528 0.9260139766120465 0.8742605085786931 0.8788693887709816 0.874339291650672 4.921712555225403 0.8744462816158581 0.8743486482701344 0.8747111355980492 0.8743066030198731 
1.0923511686945726 0.8877402971087559 0.8834854669886886 0.8831867870555129 0.8900571382585725 0.9380964121588394 0.9001633688937777 5.3278027133264905 1.091500763451676 0.8821861508539306 
1.051697054487886 0.8576247022993099 0.8558012657488111 0.8561173040875377 0.8557913329682 2.183630296753966 0.8888095776940059 0.8558494518859846 3.5754119027053575 1.0614917195126548 
1.1947595341076311 0.8823063031917622 0.8823265323315506 0.88064223614567 1.0506100948395982 4.271281667435919 0.8810510332051525 0.8819396842378462 0.8801423566991455 0.8800634152763258 
0.8043685008918791 0.8043685008918791 0.8043685008918791 0.8043685008918791 0.8043685008918791 0.8043685008918791 12.390248528268524 0.8609961201634028 0.8043854926946431 1.3488840077243784 
1.0759406647857142 0.8606798293888231 0.8614004849424932 0.8684059084379108 0.8854285465840916 2.947481861433636 0.9123655955529996 1.4563685457274749 0.9007761835924711 0.8592558260042502 
1.0318380531932416 1.3577560849715393 0.863055290598474 2.290446812757946 0.8635679040098103 0.8631314300107403 0.8630520305375404 0.8643689648203594 0.9210890089870201 0.8630202265518827 
1.0160274936470945 1.2652497192496677 0.8869868101924305 1.9806716547661893 0.8875438616432496 0.8871698277023564 0.8869786098251058 0.9184845940914093 0.9346653683906059 3.530951333608553 
1.1588986003214266 0.9102363065571916 0.8965564265905691 0.9057986394784162 0.9065369217680156 3.5693208414110695 0.8953613303791342 0.8947542503400578 1.3555674842789562 0.8947267850522667 
1.18695008523339 1.9452504353912774 0.7942052167795809 0.795291307136857 0.7948159032105613 0.895446566032399 0.7952695101668094 0.7942763976680803 0.7941635374427266 0.7942164813324626 
1.456367245054263 0.9005047553984663 0.9213855378007083 0.8991346790074423 0.9039008802957778 0.8968868143862498 0.8969398827211827 4.066699958507296 0.8974049296694576 0.8968878433637855 
0.9580882670914632 1.1142131718983506 0.8810975517258396 1.2949744455379941 0.9470414495916853 1.441560375620202 0.9404318162233346 0.8772524793360555 1.1093375219623802 0.9725510218695923 
0.8641706348993521 0.8641706348993521 0.8641706348993521 0.8641706348993521 0.8641706348993521 0.8641706348993521 8.05410269342704 0.8650389048643987 2.3047786048536656 1.7560394444036398 
0.9075792244355131 0.9075792244355131 0.9075792244355131 0.9075792244355131 3.152362297598457 1.2621758108354078 3.9166872027024175 0.9084540889005418 0.9076598642943021 0.9076360168113192 
0.8698633506614387 0.8698633506614387 0.8698633506614387 0.8698633506614387 0.8698633506614387 0.8698633506614387 5.089957006035057 2.216730861549421 1.3611766979331574 3.447550303293147 
0.8142156694801924 0.8142156694801924 0.8142156694801924 0.8142156694801924 3.7504822429107922 0.8312200415316677 3.453977294393044 0.9600721697214223 0.8142279534986601 0.8142277698420484 
1.0202405941524302 1.2223634399401624 0.9201684987666526 1.4544767820771716 0.962407900493891 1.0870630467344156 0.9448616689056472 1.001618234821042 1.1159523549922494 0.915573846709575 
1.1292966013926993 1.7951113413032376 0.7844465779028654 0.9023605820782865 0.7844346381210218 0.7844125424487091 0.8583328368002285 0.7845303644611337 0.784446409770656 0.7845069241111916 
1.2643175041714454 0.9582657078913142 0.9184004283191813 0.9402278332860052 0.9241340191552972 0.9355142659661808 0.9189494178837945 0.918443345402363 5.393762681140775 0.9184160485486548 
0.8246438866103626 0.8246438866103626 0.8246438866103626 0.8246438866103626 0.8246438866103626 0.8246438866103626 0.8246438866103626 0.8246438866103626 11.21651757444974 5.972363521754223 
1.5654613796018704 0.9663025020968407 1.3361845938006018 0.9451362324988675 0.928895147492499 0.9288879596428228 0.9297125489669427 1.3288020269565068 0.9289924105846444 0.9288860901846345 
1.1593065988301814 0.9028637987668532 0.9104498742060102 2.559778156300948 0.9016893745898773 0.9011236353226454 0.9011250776762273 1.4579663908109124 1.0140923645806939 0.9011062611434825 
1.089392025258797 1.4607129640681935 0.897079826809162 1.1913412525541418 0.8970616438530896 0.9664703297590139 0.926462012291617 0.9801497085737245 0.9534146142803906 1.1509996490127357 
0.8307535995949143 0.8307535995949143 0.8307535995949143 0.8307535995949143 0.8307535995949143 0.8307535995949143 0.8307535995949143 0.8307535995949143 10.0148305858379 7.809468873942613 
1.2138391294194042 0.9173038517349283 0.8999471183107633 0.9076355628704451 0.9001323246472397 0.9094265223245878 0.8999486634283134 0.9147127239688945 1.0396711985180906 9.53516358255813 
1.2406557809717778 1.0242610014274471 0.9127390252205226 2.0790626566362196 0.9133330741133351 0.912969957440553 0.912730306001922 0.9570089385384318 0.9131476884090227 3.556699894041836 
1.399755742818023 0.893837230097598 0.8785839638809277 1.675729508242664 0.9675876268612977 0.8712420071216125 0.871160648615432 0.8711940837597053 0.8713765175919359 2.3566738611388094 
0.8692859410111575 0.8692859410111575 0.8692859410111575 0.8692859410111575 0.8692859410111575 0.8692859410111575 9.89158963456903 0.8702715532896724 1.5371015615443253 1.385939664530371 
0.9129841093841009 0.9129841093841009 0.9129841093841009 0.9129841093841009 2.0234185148318344 1.103122348412253 2.4306162687984685 1.3866428656229097 1.0826446949846111 3.499715440481129 
0.844193496713598 0.844193496713598 4.248935873280569 0.8457304042998287 0.8446074320774992 0.8444992685603169 0.844213521189156 1.6706496587468238 0.8443138321973417 1.5504494341920667 
0.8859543199753904 0.8859543199753904 2.475685305586913 0.8880450153571198 0.8913881331194906 0.8914981352231227 0.885983274451394 3.3865900144471555 1.1563754173843694 0.9848449651761607 
1.0533426235809076 0.8686667800157369 0.8551157165108975 0.8633691865885096 0.8943201637082685 3.2577117086634106 0.8541864924185295 1.0819733725922374 1.0400028691315875 0.8531935141352481 
0.8244617538221252 0.8244617538221252 0.8244617538221252 0.8244617538221252 0.8244617538221252 0.8244617538221252 0.8244617538221252 0.8244617538221252 12.88440270584285 4.833593379903266 
0.8558056482055798 0.8558056482055798 2.8411625707535846 0.8584166412519655 0.8624720867671316 0.8558080449066043 0.8558610993362378 3.8132133036536926 0.8558392818520494 1.1559350196213751 
0.9797980680267391 0.8635899755297606 0.8596105487521174 0.8614174781982155 0.8768854277100879 2.0079229482265792 0.900615886362224 0.8923680811139023 4.2356160198717605 0.8596039139937457 
1.1735829469234254 0.9090780005501695 0.8970387320096453 0.8972386675436443 0.909160936565443 0.93722894268243 0.9113733380191638 6.140055621841614 0.8970338083169245 0.8970562044969591 
0.8623624960602132 0.8623624960602132 0.8623624960602132 0.8623624960602132 0.8623624960602132 0.8623624960602132 5.800275145286169 1.9107258715547462 1.249217961239622 3.467182352430825 
1.1633567630147135 0.9391722393002859 0.8909141429858659 0.8952183981659462 0.895488308625406 4.88416772995766 0.8925403231583704 0.8913752029304501 0.8913661750409138 0.8909314785940716 
0.8573154085353863 0.8573154085353863 2.6526819879610417 0.859676540481665 0.8633438968446038 0.8573170415859566 0.8573463399127116 3.5286849822420785 0.8577520886117198 2.901757654474553 
0.819592724982673 0.819592724982673 0.819592724982673 0.819592724982673 0.819592724982673 0.819592724982673 0.819592724982673 0.819592724982673 14.34054728501453 4.62637726951408 
0.8751853777588182 0.8751853777588182 5.407241707290419 0.8761495122116459 0.8756386910983529 0.8751872945519843 0.9089023068093813 1.065157012771461 0.8753189620504984 0.8751879735480984 
0.8726716501165183 0.8726716501165183 0.8726716501165183 0.8726716501165183 5.907246692855835 1.577037374031644 1.1127948349806958 0.8728052995850126 0.8727522688349582 0.8727401157015473 
0.9383219692444568 0.9383219692444568 0.9383219692444568 0.9383219692444568 5.354369189612704 0.9723402744672058 1.6902633529575986 0.9726490231950347 1.0008297306772844 1.3431326186915933 
0.9024613951309667 0.9024613951309667 0.9024613951309667 0.9024613951309667 6.595757138141699 1.3265580540571908 1.1425871843826385 0.9026209548278405 0.9025420454298869 0.9025129477327878 
0.8642396703531372 0.8642396703531372 0.8642396703531372 0.8642396703531372 0.8642396703531372 0.8642396703531372 6.536968894348841 2.0715497065524526 0.9569724701640826 3.4690595267237487 
1.1110696920775327 1.5666400698856149 0.8751873875522517 0.8857412509525724 0.8755671968953906 0.8752736330101768 1.0693117435040471 0.9262753677747608 0.9228203864906777 3.519106351708625 
2.386093356869517 0.7972827569780806 0.7805637292860602 0.7815567415201816 0.7803636990982257 0.7808460640660313 0.7803592654531603 0.7804550441785947 0.8252257505396265 0.7803504107176881 
0.9166154451924854 0.9166154451924854 1.9420030973724516 0.9205586207553889 0.9293486575640516 1.04817638039525 0.9403567161655715 2.867497869776754 1.3707397803705075 1.1323998306356524 
1.2182973001291153 0.7943516969404901 0.7916204026195114 0.7923133958611583 0.8069529770706318 0.7916852942640141 0.8070685117712357 0.7916346312234495 0.7916111688962143 10.676748517677217 
0.8365085860864324 0.8365085860864324 0.8365085860864324 0.8365085860864324 0.8365085860864324 0.8365085860864324 0.8365085860864324 0.8365085860864324 15.22519027673059 3.906497271659678 
0.7646306863524907 0.7646306863524907 4.614149283444035 0.7663935098778799 0.764640307777433 0.7647136315482835 0.8309349216455704 0.9184832439954034 0.7646658131103955 1.9128226433898692 
0.7975415016588376 0.7975415016588376 0.7975415016588376 0.7975415016588376 10.41087257845723 0.7976609634792502 0.7987298342007648 0.7980154466250089 0.7980746386470023 0.7977317839845234 
1.5716748708455217 0.8981131479287285 0.8700487415635825 0.9071811167868279 0.8953084012603094 0.8700354505489558 0.870097212269336 0.8705532082562809 0.8700379789894731 6.504977003698411 
0.8811822651903443 0.8811822651903443 0.8811822651903443 0.8811822651903443 0.8811822651903443 0.8811822651903443 7.071446872035233 1.2528718359316229 1.370751720688724 3.529830720665387 
0.7867899185968161 0.7867899185968161 6.140626413152499 0.7889499050750637 0.7868032783888723 0.7872746275918806 0.7867947404413842 0.7868946178717742 0.831665324232806 0.7867899844108676 
0.8296875234942167 0.8296875234942167 0.8296875234942167 0.8296875234942167 0.8296875234942167 0.8296875234942167 10.940295213003992 0.8297480952900854 0.9622330014738374 3.045273807888668 
1.2012806853258695 0.903060769018191 0.9045173087117059 2.7087946254170907 0.9174154892704702 0.9010604610017254 0.9010566271567408 1.0129157568746072 1.1008110223190688 0.9011385023668997 
0.8386573260290944 0.8386573260290944 0.8386573260290944 0.8386573260290944 0.8386573260290944 0.8386573260290944 0.8386573260290944 0.8386573260290944 12.139464393552647 5.073903618887718 
0.8518009818736619 0.8518009818736619 3.0412676096593523 0.8522317452913022 0.8589553441988955 0.8518023997895964 0.8518374069060056 4.021614169740661 0.8523191409028225 0.8518020545971503 
0.8575803647103891 0.8575803647103891 3.971143423694635 0.8591059245008426 0.8863735417508337 0.857661272026832 0.8576080168523125 1.683522970323572 0.8577424428964644 1.563836302188858 
0.8341928857409564 0.8341928857409564 0.8341928857409564 0.8341928857409564 9.294229671948436 0.8343052778234814 0.9646892197831737 0.835179439826093 0.8341946118272355 0.8342229214890667 
1.2225219313057163 0.8592432160476048 0.8584044372282368 2.998662786548452 0.8574963304948579 0.8567640182110797 0.856676905135535 0.9145718266916335 0.921909055128557 0.8566838146865163 
0.7998644246782016 0.7998644246782016 0.7998644246782016 0.7998644246782016 8.952634804207989 0.8541206471719002 0.8009613300984558 0.8003088487405061 0.8454196147015638 0.7999286813107128 
0.8269908323371626 0.8269908323371626 0.8269908323371626 0.8269908323371626 0.8269908323371626 0.8269908323371626 0.8269908323371626 0.8269908323371626 16.917135605349813 1.639510935977171 
1.31633583627446 0.9245218266469026 0.9057236354098692 0.9286620364018932 0.9226640701722828 0.9057506053958323 0.9062718446595031 0.9057657721643085 5.381085229612631 0.9057384745392799 
1.0434175349154426 0.8965670469039172 0.8953317772571063 0.8992552463276329 1.9057286425299695 1.1379132280236421 1.3878610892783698 0.9443831508874455 1.0718584452978397 2.0713133573549793 
0.9812067496827956 0.8782989132817085 0.8747749401142247 0.8763750627548421 0.8893245414786365 1.8864828212029257 0.9109022051751507 0.9036355677606949 3.984557023049581 1.6551426297943337 
1.2046704889436972 0.8830313347501835 0.883548477279898 2.8799333452842046 0.8801420464582044 0.8800322678721576 0.8796037009292833 0.9501709191625192 1.0394050347073007 0.8796297619757965 
0.8781065922882086 0.8781065922882086 0.8781065922882086 0.8781065922882086 0.8781065922882086 0.8781065922882086 0.8781065922882086 0.8781065922882086 16.457885884483996 2.3216337352642 
1.849365425174125 0.9329446973465936 1.0037060497492145 1.0216060405754834 0.9639201457651366 0.9272218545892631 0.9275700031508972 0.9279429519473258 0.9273806848208933 2.4126717920942276 
0.9092312554047222 0.9092312554047222 1.9906252730112788 0.913171487514034 0.9226329172753527 1.0476986835384543 0.9341727517168507 2.686311868882482 1.3633555905827444 1.1250156408478893 
1.4027785609301189 0.90879985852005 0.9053307063230981 0.9099350213319695 0.9054487029512533 0.9241179841207989 0.9348436560769683 0.9213262246962477 1.7201881796638285 5.140521461053145 
0.920365242194972 0.920365242194972 1.9704366587574134 0.9243161804261637 0.9333942626763579 1.05498249896317 0.9354645267177053 2.87126461395094 1.3744935223175916 1.1360733906841314 
0.8570135949349157 0.8570135949349157 0.8570135949349157 0.8570135949349157 0.8570135949349157 0.8570135949349157 8.58473877148773 2.5016822886524577 0.8570524063217886 0.8572249354725473 
0.919612334189038 0.919612334189038 3.807939283737178 0.9387341320780825 0.9563366477709021 0.9196502894891672 0.9196179784708067 0.9875590559221527 1.1629600850025876 3.3942495970431636 
1.1415880878349587 1.6270774839893591 0.8901945829793403 0.8907996707106134 0.9618516096208639 0.8981290938371259 0.9691804554253248 0.8901864279224173 0.9656556284059722 2.913133866120406 
1.2602354732865846 0.8640866370552248 0.8634083428313896 3.1934495545120445 0.8621042789300765 0.8615420058799004 0.8614480927409044 0.8618616383974386 0.9300629435515492 0.8614521768508386 
1.1702295895446295 1.6956968009298479 0.8982019755547042 0.9273013703084981 0.8984162399601264 0.8982675118152612 0.8980845859935261 1.1823896705777117 0.950517982348754 1.606689748735752 
0.871548521312029 0.871548521312029 0.871548521312029 0.871548521312029 2.622482882382907 1.0009079727244876 2.8872003065434164 0.9544139908468083 1.0480929474856182 2.0513001713116945 
0.8407678554718263 0.8407678554718263 0.8407678554718263 0.8407678554718263 0.8407678554718263 0.8407678554718263 10.869181542997087 0.8415127067348117 0.973313333451447 3.0563541398662775 
0.8929882823164448 0.8929882823164448 0.8929882823164448 0.8929882823164448 4.467402762387608 1.157066883172709 1.1463386418175467 0.9758537518512241 1.069532708490034 2.07273993231611 
1.2916799942792574 0.9744204306649671 0.9344142367960615 0.950600016129339 1.3057580647528217 1.1783236889800695 0.9326502597052908 1.006605889294084 1.111745502676109 2.1118531865712606 
0.9160903235692148 0.9160903235692148 3.379951166145103 0.9324019980719361 0.9474176628162445 1.0400432052750777 0.9443696059762805 0.9924834516075178 0.9617970208867743 3.39072758642334 
1.2522104106665677 0.9820779701169371 0.9284908090338128 0.9232202354764509 1.1215185110985713 1.555722596648693 1.2174245473870204 1.0952238500266493 0.9230171582067042 0.9230335972973854 
1.4172647464900507 0.8932386680985686 0.8697120417696335 1.6345905500145104 0.9143286090107196 0.869928598147734 0.8697453549087022 0.9331540912648715 0.8699649094360247 2.355262252982898 
0.8637220512609929 0.8637220512609929 0.8637220512609929 0.8637220512609929 0.8637220512609929 0.8637220512609929 0.8637220512609929 0.8637220512609929 15.094230565003077 4.110835772461302 
0.7776411475408403 0.7776411475408403 0.7776411475408403 0.7776411475408403 0.7776411475408403 0.7776411475408403 0.7776411475408403 16.583344385035783 0.7779234614184966 0.7778807063948489 
0.7856979611189843 0.7856979611189843 0.7856979611189843 0.7856979611189843 0.7856979611189843 0.7856979611189843 14.2901788873424 0.79083206448974 0.7859777373174743 0.7857821797244885 
2.4703496639029776 0.781868866543889 0.7763806500949891 0.7928388324729272 0.7767161471895424 0.7763550886016072 0.7763544230249284 0.7781922588055092 0.7766155099754757 0.7763979423434577 
1.230363860261497 2.0008047491213685 0.7900109638838768 0.8048092085944142 0.7904838865178986 0.7900786390620147 0.7899768112655939 0.7952635044084031 0.79011943745254 0.790028872767562 
1.2079477495224087 0.8336293871521007 0.833312663933864 0.8334890342587586 4.129759865414755 0.8290512932802143 0.8290587049337562 0.830413366170639 0.8290983189857878 0.8290571905884292 
0.7808703170025927 0.7808703170025927 0.7808703170025927 0.7808703170025927 0.7808703170025927 0.7808703170025927 0.7808703170025927 0.7808703170025927 0.7808703170025927 20.78087031700259 
2.2295796783630575 0.7931090778635135 0.7739550921473756 0.7889195979609643 0.7742428006363248 0.7738868895373299 0.7738943154173212 0.7755630692982295 0.7741225498021459 1.3187718538570024 
0.8172367116750219 0.8172367116750219 0.8172367116750219 0.8172367116750219 0.8172367116750219 12.5919105186967 0.8172530651738131 0.8189656882932675 0.8172733031396479 0.8172368643297031 
0.7776057654935057 0.7776057654935057 0.7776057654935057 0.7776057654935057 0.7776057654935057 0.7776057654935057 0.7776057654935057 16.576664975314404 0.7779293678913297 0.7778476345228283 
1.8831991871236002 0.789524996666813 0.7845031105014958 0.7938604044431349 0.7914489323743569 0.7739947961919927 0.7739913311990972 0.7754785140464919 0.7742215554052977 3.727823243344205 
0.7785949525353628 0.7785949525353628 0.7785949525353628 8.474589895901621 0.7789463216107871 0.7787142044196353 0.7785978617122494 0.7804036501104259 0.7788747338859563 0.7786568892196338 
1.231303998777237 0.8750960631937951 2.6813334808550318 0.8615653270107627 0.8537516481091829 0.8537423696446754 0.8537404832729705 0.8555665152470125 0.8542683174931445 0.853920900377991 
1.170870045426491 0.8774997873386511 0.8737015317175215 0.8766253643769858 0.87989879911526 0.9131452599139943 0.8737164030912095 0.8757144468116416 7.098417792716978 0.8737749307911673 
0.8263449754423241 0.8263449754423241 0.8263449754423241 0.8263449754423241 0.8263449754423241 0.8263449754423241 0.8263449754423241 4.589957562771957 4.332022438303007 4.758843614512564 
0.8697135296218174 0.8697135296218174 0.8697135296218174 0.8697135296218174 0.8697135296218174 6.540848992529683 0.8697137831083342 1.023815807545108 1.5829998071108853 3.1821234589173835 
0.8866157357772022 0.8866157357772022 0.8866157357772022 0.8866157357772022 0.8866157357772022 4.761757991934381 2.979314756566364 1.046643055316777 0.9377154035092262 0.8868678828955927 
0.8601752077112335 0.8601752077112335 0.8601752077112335 0.8601752077112335 0.8601752077112335 3.6469832121336276 2.365139411984201 1.0437643768724671 0.967943508718108 4.208705822996333 
1.078881743023963 0.8704120790688413 0.8773957880542872 0.8705573095021562 2.863290345806117 0.8765653990460144 0.8678629108273022 2.0047593259817926 0.8679013130795262 0.8680588930424702 
1.0914082215549321 0.8541808975953993 0.8356819103998974 0.862944288090854 3.5849941128050973 0.8480285660790415 0.8356775411591051 0.9897061519037632 0.8357244366471692 0.8356706603852176 
0.8913055545765207 0.8913055545765207 0.8913055545765207 1.6025118821857525 0.8964315371317285 0.9286582218066854 1.1706217605003195 0.8923247021095623 3.2030938390724555 5.715249240002175 
1.6991949595910572 0.9126896613127055 0.9814824089564873 0.9024728227265564 0.8930730550271436 1.5554244372754715 0.8929021369524713 0.8945363433906162 0.8932122355066409 0.8930423150200798 
0.8116156731105717 0.8116156731105717 0.8116156731105717 0.8116156731105717 0.8116156731105717 0.8116156731105717 0.8116156731105717 5.934741200502914 5.583633324780884 0.8116315489570922 
0.9277869450166387 0.9277869450166387 0.9277869450166387 3.242425581249548 1.4079015939556447 0.9278046487858128 0.9512787219410809 1.3007329598873634 1.560529969548023 0.9280599243986203 
1.4114235273849667 0.9447904883236256 1.1503901907448935 0.946331071113245 2.311919751014908 0.9380782669408106 0.9380962068791204 0.9434057052625459 0.9380653740702204 0.9380825353579235 
0.9071160488493163 0.9071160488493163 0.9071160488493163 6.27342212523327 0.9071173034893206 1.160461037448795 0.9074327380029834 0.9111743339547805 0.9071271216922634 1.8140586767115834 
1.5277536119244544 0.9162860611592633 1.7656092624781947 0.8794614753812257 0.8711803891340415 0.8711682985176737 0.8711691409195662 0.872564434585665 0.8716995668312351 0.8711691403394043 
0.8813910963797464 0.8813910963797464 0.8813910963797464 2.2339121772974266 0.8865636736034411 0.9503920328527319 0.88140014823256 0.8824910048580649 3.3730461179454334 5.028818120423257 
1.4454800591065462 0.9096780776901436 0.9318845330713789 0.9116896980779985 0.9707849114273723 0.9376320870004868 0.9031126890698346 2.7726405674967927 0.9031042483829645 0.903350231410982 
0.9179333453762661 0.9179333453762661 0.9179333453762661 5.240461986422405 0.9347645760082128 1.1393876354083345 0.9182424258005485 0.9214713302452536 1.0714157235209454 1.6574212190661068 
0.8407449832713101 0.8407449832713101 0.8407449832713101 0.8407449832713101 0.8407449832713101 0.8407449832713101 10.985743087160456 1.0516130453319281 0.9778073000309006 0.8407455139014438 
0.9299563524482852 0.9299563524482852 0.9299563524482852 4.592157909306956 1.2846140766452123 0.982994726472813 0.9650614612903848 1.0303865885887715 0.9704851004538076 0.9301802977304632 
0.9006062239131334 0.9006062239131334 0.9006062239131334 0.9006062239131334 0.9006062239131334 8.016127677489305 0.9618814564389012 0.9047833951450761 1.008374524920008 4.249136839198233 
1.379546179391699 1.061283966971483 1.5085328621548308 0.9482405700272286 0.9745311223042467 0.9429063833021133 0.9257069853274918 0.9307623309978781 0.9257402518089118 0.9257026989748142 
0.830258348719076 0.830258348719076 0.830258348719076 0.830258348719076 0.830258348719076 0.830258348719076 0.830258348719076 13.520034614209754 1.2001363349148286 0.8304238191819927 
1.6109747532427434 1.0959715914191097 0.9968560080813686 0.9309678198618088 0.9191305180946548 0.9191150342955645 0.9191367446735419 0.92362042421072 0.9191540873931046 4.476048188836349 
0.8529516689751794 0.8529516689751794 0.8529516689751794 0.8529516689751794 0.8529516689751794 0.8529516689751794 0.8529516689751794 6.8936156545442095 3.0713574790598455 3.782331796587266 
1.2013868365693487 1.6245712202839133 0.9052836263792243 0.8892561621143813 0.8803202380340509 0.9116691938054429 0.8803008255721365 1.0694061853607089 0.8806006605129807 1.227111552985859 
1.4199365095449745 0.9333720373493453 0.9283323799708267 0.9389654159249479 0.9400502981720802 0.9283441779662294 0.9707511398039453 0.9785631383368887 0.9283294893024466 8.920427816861627 
1.165847027064605 0.9097799928838659 2.085961263575019 1.1351819078706584 0.9027849176226251 0.9027806958433388 0.9027802109140665 0.9039593082171823 0.9862008296227971 1.2921560991822556 
1.1802094750176073 0.9345715066163082 0.9394847764222878 0.9057165146499893 0.9168974020801004 0.9012504209802434 1.865760385283418 0.9039108509409768 0.9013553049873765 5.724693359162551 
0.8302483041612089 0.8302483041612089 0.8302483041612089 7.79416806556965 0.8303157165561614 0.8302655991324217 0.8302661126423101 0.9386942439976957 0.8302878443400863 0.8303603429202249 
0.8530561955547747 0.8530561955547747 0.8530561955547747 0.8530561955547747 0.8530561955547747 0.8530561955547747 4.668167292457046 0.8536134626360254 1.944198783131001 7.561116336260401 
0.8650667740913851 0.8650667740913851 0.8650667740913851 0.8650667740913851 0.8650667740913851 0.8650667740913851 0.8650667740913851 7.682417754759242 2.5981653384699 3.727422357953074 
1.2054126002913788 0.9198254930612444 2.231599996755699 1.0182783701027964 0.912023360712209 0.9120191391970013 0.9120186542980621 0.9131976778468631 0.9955331794471283 1.3013945426225093 
1.0948516852580201 1.3752430526951942 1.3623862805438707 0.895722963739408 1.0802510016347369 0.8821213755584874 0.8821087842827587 0.8874439730641754 0.8821214088827846 0.8821272790631013 
0.8879246719495615 0.8879246719495615 0.8879246719495615 0.8879246719495615 0.8879246719495615 0.8879246719495615 6.000344169495461 0.9400691737775748 3.5364078012112152 1.3439100185887831 
1.2070756823555817 0.8336188297041831 0.8333028354379781 0.8334787998390274 4.122163122710428 0.8290512725111274 0.829061357358514 0.8304103776112914 0.8292382943841619 0.8290571905884292 
0.9680420981537861 1.0793549680493868 1.0630274064799914 0.8937769074420633 1.4868225889926567 0.9085969878212133 0.8835852332509934 1.0343627129153399 1.2450603552318742 1.230396323627258 
1.2460121479158206 0.8546000398831106 2.5248331281930927 0.8579849016740189 0.8505045629931414 0.8505884011965609 0.8504871050908648 0.851857422715503 0.8505316443345807 1.374960834708013 
1.1882325058108827 1.5752489544467347 0.8946072852299369 0.9138784186612385 1.1928233413719442 0.9492785116190388 0.8945961815658736 0.8991657914084058 0.8946866166901511 1.1346336459220467 
1.0978191873237706 0.8800199488301111 0.9050992381454571 0.8840610000286154 3.2574117329580083 1.3453402851505005 0.8775737794688078 0.8792765325339758 0.8776224858391337 0.877589165905213 
0.8692600161831459 0.8692600161831459 0.8692600161831459 0.8692600161831459 0.8692600161831459 0.8692600161831459 4.357817896359118 0.8697695841664317 2.2009718356304653 7.5773201568887725 
0.8956900517319137 0.8956900517319137 0.8956900517319137 0.8956900517319137 0.8956900517319137 0.8956900517319137 7.572756575755332 0.963793286948593 2.301494904971932 1.3516753983711354 
1.0177921123109692 1.1781150167176584 1.1651002217043827 0.9044545611958256 2.182892153279373 0.918452363417827 0.8961649000957199 0.9014242169762601 0.8961501972979182 0.8963844869706458 
0.849498368976017 0.849498368976017 0.849498368976017 0.849498368976017 0.849498368976017 0.849498368976017 0.849498368976017 10.70495810527196 1.1647763549293215 4.279978597804131 
1.1251919403937398 0.8081825644474244 0.8063471669218748 0.8094780613394604 0.812500601997452 0.8034526453635941 0.8034382561320681 0.8160578186237673 5.166158593017233 2.6624613403704633 
0.8753975261667476 0.8753975261667476 0.8753975261667476 0.8753975261667476 0.8753975261667476 0.8753975261667476 8.146647616371675 0.9482307459783467 2.40447565397112 0.875505674748655 
0.8870004131588308 0.8870004131588308 0.8870004131588308 0.8870004131588308 0.8870004131588308 9.115165957998205 0.9490250311318681 1.0238423493803004 0.8870607854933832 1.7038052203869203 
0.8629330900598811 0.8629330900598811 0.8629330900598811 0.8629330900598811 0.8629330900598811 0.8629330900598811 12.274999443417327 1.1279335375843291 0.8630203564983553 0.8629336206900148 
1.0795669659601204 1.3126040294924595 1.2784217556337043 0.9237342944431398 1.2271314932249653 0.9420639928674435 0.902752620341563 0.9076317085325045 0.9028642768286971 0.9029895442150178 
0.9121060018041491 0.9121060018041491 0.9121060018041491 3.926724665381908 2.027718663527464 0.9121308663416504 0.9121217095067308 1.0072924217878954 1.021578127047052 0.9123264429908329 
1.169931755900625 1.7899392749301268 0.8155604981853546 0.8275849069265018 0.815941962118895 0.8156149877194621 0.8155330161793933 1.0032397780372575 0.8157150310329304 1.0908606912993757 
1.1334912799543013 1.469384234716156 1.4421169021487532 0.8909730494803789 0.8786390496216594 0.8959505222675239 0.878641266470215 0.883957078967501 0.8786372792604213 0.8788714824731488 
1.0431059204134 1.1879223155979095 1.17616631788278 0.9407304323178237 2.095516919245884 0.9477704736285834 0.9332285899312047 1.0669575675336866 0.933229420009356 0.9334636232220835 
0.7830526571294761 0.7830526571294761 0.7830526571294761 0.7830526571294761 0.7830526571294761 0.7830526571294761 0.7830526571294761 15.132108948361363 0.7833087394749019 1.4466826500488144 
0.8861501820501997 0.8861501820501997 0.8861501820501997 0.8861501820501997 0.8861501820501997 0.8861501820501997 0.8861501820501997 11.622983818719785 1.4639794432110493 1.4027508671346691 
0.8945236977946649 0.8945236977946649 0.8945236977946649 2.9386823175277277 0.8945421230275444 0.9203667808692652 0.8945369510324873 0.8955594441727549 3.9879515183765344 4.129741764351363 
1.1439177000073604 0.8927653299893987 0.889652895193219 0.8921471475784937 0.9132080351651843 0.9226676620782095 0.8896637695419489 0.8910887133012616 6.623059299102108 1.3145940211142366 
0.9433246937717078 0.9433246937717078 0.9433246937717078 3.69707931750101 1.5145231148728584 0.9433440961997254 0.9712704362274666 1.04659439596831 1.4881654082216516 0.94354785483936 
0.8322143912090462 0.8322143912090462 0.8322143912090462 0.8322143912090462 0.8322143912090462 0.8322143912090462 0.8322143912090462 12.38834068840729 0.9228703576739891 3.6071004617076055 
1.0420238708746634 1.2326938561081504 1.109460339659694 0.9056132179342327 2.269783181821758 0.8973684179796415 0.8973869079174476 0.9026907216421431 0.8973561081199516 0.8974035402194066 
1.0552753457626138 1.2708888551665107 0.9035739884170141 0.9040143191773846 1.6148459415518135 0.9202964613145755 0.8916994363626563 1.1165473467873333 0.9814224892315433 0.8919196457518397 
0.8846951498995322 0.8846951498995322 0.8846951498995322 0.8846951498995322 0.8846951498995322 10.295152682418307 0.9556319863335108 0.8861686708586788 0.8847555222340846 1.7014999571276217 
0.7939339811398507 0.7939339811398507 0.7939339811398507 0.7939339811398507 0.7939339811398507 0.7939339811398507 12.929376580677213 0.798547606579901 0.8899710300141772 0.7943328278944288 
0.8531585927519342 0.8531585927519342 0.8531585927519342 0.8531585927519342 0.8531585927519342 0.8531585927519342 0.8531585927519342 9.19961048271453 1.8016162574109544 3.7155141766136235 
0.9064849916698569 0.9064849916698569 0.9064849916698569 0.9064849916698569 0.9064849916698569 0.9064849916698569 6.640223593227509 0.9076121018455521 3.5549681209315107 1.3624703383090784 
1.2609673647448938 0.8827693380440311 2.678168516379394 0.8765215956010358 0.868785725235768 0.8687735832069294 0.8687746708421917 0.8739759172858009 0.869302516887358 0.8689550997722045 
1.0561127192422333 0.887423077464055 0.8819818158920028 0.8823276786617774 0.8911093586912613 0.9944805441734772 0.8803182028655638 0.8815563793574744 6.252828136834411 2.4805756043620883 
0.879630915621728 0.879630915621728 0.879630915621728 0.879630915621728 0.879630915621728 0.879630915621728 0.879630915621728 8.75877566534292 2.710843635967286 1.3962316007061975 
0.8573668441484147 0.8573668441484147 0.8573668441484147 0.8573668441484147 0.8573668441484147 0.8573668441484147 8.780713274197456 1.0220569396644361 1.2301547159992123 2.1164592847254844 
1.0847135715549774 0.8664200035872736 1.950467159923579 0.9204954406401247 0.855300535009456 0.9104666801166611 1.0532303266772858 0.8563435065551193 0.9050668628170501 0.8553071035040523 
1.3440537323304456 0.8693575793005225 0.8833615848243177 0.9112993696079066 0.8951749944604984 0.8680760552570022 3.4739546933388503 0.8698943418723886 0.867914610731199 0.8681582543798847 
0.844080657357556 0.844080657357556 0.844080657357556 0.844080657357556 0.844080657357556 0.844080657357556 0.844080657357556 9.713445280255065 1.1135608795632777 4.843720668704975 
1.1241739278597733 0.9060904920223712 0.912007066594516 0.9042006561799789 0.9266096315910713 0.9015188915577816 0.901519035708033 0.9026949718973181 6.046468038494976 3.429347483969508 
0.8045464668386841 0.8045464668386841 0.8045464668386841 0.8045464668386841 0.8045464668386841 0.8045464668386841 14.280601587216777 0.8096697633501163 0.8050750769311835 0.8046306854441884 
0.8978021022842991 0.8978021022842991 0.8978021022842991 0.8978021022842991 0.8978021022842991 8.627673720444896 1.1678647545493956 0.8994888458689144 0.8978568186385093 3.076964987250832 
0.8203576399323328 0.8203576399323328 0.8203576399323328 0.8203576399323328 0.8203576399323328 11.43732858074339 0.8854989971489521 0.8217678310635304 0.8204104243671094 0.8204210642338609 
1.0377545094947036 0.7998730991792349 0.7999313847515221 0.8284548368491614 0.8018367006156925 0.7964918257594431 0.813609933058185 0.9161171751234988 0.7965789494807071 10.798950033436741 
0.8872920843549501 0.8872920843549501 0.8872920843549501 6.8077512532227 0.9664496679486899 0.887438260168912 0.8873295864695135 0.8920215547907578 0.8873621546674512 1.809393180185284 
1.0838441942187118 0.8847593336004864 1.8734159350388153 0.9340764112806187 0.8746425930364615 0.9249521029512758 1.0552098701970631 0.9477691761497439 0.9244085754602512 0.8746488161472534 
0.883666049293171 0.883666049293171 0.883666049293171 0.883666049293171 0.883666049293171 0.883666049293171 9.948364724421042 0.9840515107843348 1.1734527853927328 1.3396513959323926 
1.4437528710087055 1.053761953121268 1.262054418866648 0.9314764559483595 0.9200684218428931 0.9198360712040354 0.919858488743912 0.9615166245485175 1.0347729181528995 1.1315998888571062 
1.3274506564202706 0.8823125634285525 0.890055400035397 0.9389930793973131 0.8946669046520169 0.8978414382801131 0.8906078683656292 0.8821889459719883 0.9745796154564015 7.496160107076348 
1.1967218741047205 1.8845625225213904 0.8035799391994051 0.817170355401339 0.8679626285642005 0.8036519701606349 0.8035502617032848 0.8088980296552182 0.803700543966849 0.8035943361258662 
0.8353136867010792 0.8353136867010792 0.8353136867010792 0.8353136867010792 0.8353136867010792 10.634840623402948 0.8353825272928743 0.8392503746278063 0.835515628284424 2.8203685105637604 
0.8465512321626816 0.8465512321626816 0.8465512321626816 0.8465512321626816 0.8465512321626816 12.549423778754393 0.846591416772635 0.8479577830146783 0.8466038803392761 0.8468158877205385 
1.2495664946558294 0.9121267698432497 2.380340476027243 0.9199508766510819 0.9073192752270419 0.9073061220683253 0.9073055284030551 0.9120464228938432 0.9073399685124166 3.454750170631546 
1.1086138749264742 0.8444762661773803 0.844275179156879 0.8442648940844392 3.165768350305586 0.8412650857685282 0.8412731647174682 0.9924716326525083 1.1449726447810233 0.8412781709892461 
