0.561803165505509 4.561803165505509 
2.542792743201023 0.5427939151099208 
1.0597183722306989 2.7995648499407 
1.5173470038799377 2.038098257979451 
1.0917394998237278 2.756360129654376 
1.0926270651033931 2.6986155131512044 
1.1837963567054697 2.3588062185643386 
1.5389376335846903 1.9952202223986055 
2.1146067835729854 1.2100288544801083 
2.0740001774004613 1.273668140366988 
1.8869869160418027 1.3446513876760506 
1.8484810069785347 1.3542857513301552 
1.1070070657765063 2.6226453803753182 
1.4376313956888178 2.130633513782347 
2.4365307165052905 0.5676767813414393 
2.3911287330028523 0.6092385349751308 
2.2666327388109857 0.8510178247926963 
1.4111144641619195 2.140125518778497 
2.4181172532706725 0.5809093840920981 
2.0497247237183354 1.300118088656389 
1.3157143061615884 2.1489834555236627 
2.0301014494078364 1.3171360378301533 
1.1661912956472664 2.4126970107988592 
1.1973354035412753 2.3200101223983207 
1.5536369450509433 1.9621391197917168 
1.9703936296988571 1.3410470487876052 
1.3775521711381236 2.142887612067854 
1.9150460430137592 1.3429533510930134 
1.9432012661435414 1.3427793920038473 
1.2661263689351059 2.184940667261305 
1.7576397736532354 1.445723117210119 
1.6839898727427312 1.6071383690481253 
2.3451760917599467 0.6783569353914795 
1.2210388870378477 2.2602151678134215 
1.125816547569102 2.5549422143700125 
1.7196622213568067 1.521544578224864 
1.795621557789404 1.3931830029992907 
1.5996995285434725 1.842867005639164 
1.2092471659570154 2.287791003663667 
1.7061865102309302 1.5515208059604153 
1.7318962865554048 1.4942708984249102 
1.2472509691236753 2.2103372042522036 
1.1133652734030117 2.5998541812957643 
1.2359829256437147 2.2298329099076435 
1.1552223226803155 2.4799071659959564 
1.745676050364494 1.4682433957591976 
1.6951469777586021 1.5785499430838712 
1.671115896711426 1.6427324395206542 
1.4652691431202345 2.110641120994132 
2.1347909702881864 1.1707833329136461 
2.2464195389896924 0.9008765262871381 
2.364882826810649 0.6454540489263777 
1.8270576794541202 1.365412980857029 
2.4715496867026348 0.550457925183752 
1.1458862699550203 2.5093209557125284 
1.8123080353145946 1.3773691765255425 
1.6560660659343907 1.6830357390630057 
1.1598170891313773 2.4353337388087293 
1.4727572720334412 2.1032437001602746 
1.4939976860498316 2.075998068139112 
1.6136355671188978 1.8037382482604563 
1.2874011987751315 2.1642075228934714 
1.137716915006116 2.53851761885981 
1.3414360114327453 2.144003641081059 
1.5847587943830987 1.8836195548806107 
1.6255864813720469 1.7710050853058106 
2.2313938350729763 0.9407052381292036 
2.3299426450000364 0.7065617857881843 
2.002576271670321 1.3324862649275646 
2.1767565992778426 1.0773619097263698 
2.2984467333642353 0.7749960308841048 
1.6310278516790704 1.7554476580528915 
2.094589447013391 1.2436859775973357 
2.5049991768033792 0.5444494056200943 
2.2940820062845124 0.7834319675136376 
2.227426507121832 0.9509341015073196 
1.5670813780693682 1.9306649600635 
1.3548435107660286 2.1430088755246315 
2.0963031969805073 1.2410038592830936 
2.2807589476452836 0.814823117692199 
2.4748338174107185 0.5493061979449531 
1.9983823766824849 1.3335937235119573 
2.214752242893207 0.9823441634736516 
2.5096143971473657 0.5440729193806719 
1.6441780995627924 1.7160885512639872 
2.162372721356447 1.1112258764851317 
1.6628520539224827 1.664135993108542 
1.4932235764127282 2.0779137040225915 
2.2449306964918962 0.9042029442347351 
1.570425557625602 1.921036132716058 
2.312954014935176 0.7418599423415345 
1.7764783371370083 1.4171093713301783 
2.315051653067731 0.7384492187591946 
2.5403200177579683 0.5429301083096627 
1.60751590500652 1.8210214840163264 
1.5823280066085132 1.8913319563363133 
1.6411864501123694 1.7246027518461877 
2.3749221138696406 0.6305593818321757 
1.2825018200115816 2.1681959205349597 
2.1696329652127284 1.0943236203551858 
