182545.0	173745	92	134	0	11	111	893	1407	0.5454545454545454	R1: 0 10 7 0  R2: 0 3 9 2 7 2 5 1 2 5 7 1 3 4 5 7 5 1 0  R3: 0 6 8 9 11 9 7 0  R4: 0 8 3 0  R5: 0 10 6 0  R6: 0 1 3 5 8 1 0  R7: 0 1 3 1 8 4 0  R8: 0 10 5 10 5 2 6 8 1 8 9 3 4 6 7 2 3 9 10 7 3 6 1 10 5 0  R9: 0 11 7 0  R10: 0 2 6 4 0  R11: 0 9 11 6 8 2 1 6 4 8 1 10 0  		
182545.0	173745	92	134	0	11	111	893	1407	0.5454545454545454	R1: 0 10 7 0  R2: 0 3 9 2 7 2 5 1 2 5 7 1 3 4 5 7 5 1 0  R3: 0 6 8 9 11 9 7 0  R4: 0 8 3 0  R5: 0 10 6 0  R6: 0 1 3 5 8 1 0  R7: 0 1 3 1 8 4 0  R8: 0 10 5 10 5 2 6 8 1 8 9 3 4 6 7 2 3 9 10 7 3 6 1 10 5 0  R9: 0 11 7 0  R10: 0 2 6 4 0  R11: 0 9 11 6 8 2 1 6 4 8 1 10 0  		
173473.0	165273	74	141	1	9	126	844	1333	0.5	R1: 0 5 1 0  R2: 0 10 7 0  R3: 0 3 9 2 7 11 5 2 7 5 1 7 8 1 5 7 10 6 8 1 8 3 0  R4: 0 6 8 9 11 0  R5: 0 2 9 7 8 0  R6: 0 1 3 1 8 1 0  R7: 0 1 3 4 0  R8: 0 10 5 10 5 2 6 8 1 8 9 3 4 6 7 2 3 9 10 7 3 6 1 5 10 0  R9: 0 9 11 6 2 1 3 4 6 5 1 4 2 6 4 10 0  		
170333.0	162133	75	141	1	9	114	877	1277	0.5	R1: 0 10 7 0  R2: 0 3 9 2 7 11 5 2 7 5 1 8 1 5 7 10 6 0  R3: 0 6 8 9 11 9 7 0  R4: 0 2 8 0  R5: 0 1 3 5 1 8 1 0  R6: 0 1 3 4 0  R7: 0 10 5 10 5 2 6 8 1 8 9 3 4 6 7 2 3 9 10 7 3 6 1 5 10 0  R8: 0 9 11 6 2 1 3 4 6 5 1 4 2 6 4 10 0  R9: 0 8 1 8 3 0  		
167737.0	160337	75	145	1	8	122	891	1352	0.5	R1: 0 10 7 0  R2: 0 3 9 2 7 11 5 2 7 5 1 8 1 5 7 10 6 0  R3: 0 1 3 1 8 5 1 6 8 9 11 2 8 0  R4: 0 1 3 0  R5: 0 10 5 10 5 2 6 8 1 8 9 3 4 6 7 2 3 9 10 7 3 6 1 5 10 0  R6: 0 9 7 0  R7: 0 9 11 6 2 1 3 4 6 5 1 4 2 6 10 4 0  R8: 0 8 1 8 3 0  		
165388.0	158788	74	141	1	7	130	911	1317	0.3928571428571429	R1: 0 3 9 2 7 11 5 2 7 10 7 8 1 9 7 5 7 10 6 8 1 8 3 0  R2: 0 2 8 0  R3: 0 1 3 1 5 1 8 6 8 9 11 0  R4: 0 1 3 4 0  R5: 0 10 5 10 5 2 6 8 1 8 9 3 4 6 7 2 3 9 10 7 3 6 1 5 10 0  R6: 0 5 7 1 0  R7: 0 9 11 6 2 1 3 4 6 5 1 4 2 6 4 10 0  		
159270.0	153670	130	136	0	7	155	1093	1209	0.3928571428571429	R1: 0 3 9 1 3 8 5 2 4 6 1 6 10 2 3 4 7 10 6 8 7 3 1 5 0  R2: 0 10 5 6 2 5 10 2 8 6 9 3 10 5 6 7 5 4 2 11 3 6 10 1 0  R3: 0 1 8 0  R4: 0 7 2 8 1 10 5 1 7 8 1 0  R5: 0 11 7 0  R6: 0 10 1 0  R7: 0 9 2 11 4 3 9 7 2 6 9 6 8 3 1 4 0  		
153384.0	147384	96	133	2	5	170	947	1138	0.30000000000000004	R1: 0 3 1 5 7 2 3 5 1 2 5 7 8 1 5 7 9 0  R2: 0 10 5 10 5 2 6 8 1 8 9 3 4 6 7 2 3 9 10 7 3 6 1 5 10 0  R3: 0 11 8 1 6 8 10 7 9 11 9 10 6 7 8 1 8 3 0  R4: 0 1 4 1 8 0  R5: 0 9 11 6 2 1 3 4 6 5 1 10 2 4 6 4 0  		
157752.0	150752	181	130	3	5	155	1030	1249	0.15000000000000002	R1: 0 3 1 5 3 8 1 2 9 10 7 2 5 7 8 0  R2: 0 10 5 10 5 2 6 8 1 8 9 3 4 6 7 2 3 9 10 7 3 6 1 5 10 0  R3: 0 7 11 7 5 1 6 8 9 8 9 7 1 5 1 6 2 6 4 11 0  R4: 0 1 2 5 4 0  R5: 0 9 11 6 2 1 3 4 6 10 6 4 8 1 8 3 0  		
143906.0	136706	195	46	4	4	156	992	1133	0.1875	R1: 0 3 9 1 5 7 11 2 7 2 5 1 3 2 5 8 7 8 1 8 3 0  R2: 0 10 5 10 5 2 6 8 1 8 9 3 4 6 7 2 3 9 10 7 3 6 1 5 10 0  R3: 0 1 5 1 8 6 10 7 9 11 9 7 8 10 6 0  R4: 0 9 11 6 2 1 3 4 6 5 1 10 2 6 4 0  		
